%YAML:1.0
n_states: 5
n_mixtures: 1
trans: !!opencv-matrix
   rows: 5
   cols: 5
   dt: d
   data: [ 3.4749150924748734e-01, 1.6703753120393336e-02,
       7.4476357864196194e-02, 3.5828402333723530e-01,
       2.0304435643068786e-01, 3.8288469740993253e-01,
       1.2542139121918169e-01, 1.6440218419877306e-02,
       4.2944040702413810e-01, 4.5813285926870326e-02,
       1.6595808573369794e-01, 9.5903032318970073e-04,
       4.4435602502276539e-01, 5.8218815336652501e-03,
       3.8290497738668178e-01, 1.6652735335238752e-01,
       1.1626824108280509e-02, 1.0552286467483346e-01,
       5.4532013055379358e-01, 1.7100282731070496e-01,
       2.2794163069968715e-01, 1.1946871333385313e-01,
       8.1238080528878640e-02, 3.9342391139165500e-01,
       1.7792766404592605e-01 ]
init: !!opencv-matrix
   rows: 1
   cols: 5
   dt: d
   data: [ 1.0266579599173162e-01, 9.4586195749295249e-02,
       2.5774627413476886e-01, 4.0104032099347081e-01,
       1.4396141313073349e-01 ]
mean_0_0: !!opencv-matrix
   rows: 15
   cols: 1
   dt: d
   data: [ 6.8458941679139329e-01, 9.6815563788347525e-01,
       1.0497256579662552e-02, 9.4025914604983719e-04,
       1.4845362622668964e-02, 9.6815563788347525e-01,
       9.6815563788347525e-01, 1.4845362622668964e-02,
       1.3297272364890232e-03, -2.5499600075345901e-03,
       -5.4588835370044211e-04, -3.6061880261644198e-03,
       1.3297272364890232e-03, 1.4845362622668964e-02,
       9.6815563788347525e-01 ]
mean_1_0: !!opencv-matrix
   rows: 15
   cols: 1
   dt: d
   data: [ 6.8507367683897991e-01, 9.6884048501048869e-01,
       1.1345207637063008e-02, 2.3517748428395478e-03,
       1.6044546508273309e-02, 9.6884048501048869e-01,
       9.6884048501048869e-01, 1.6044546508273309e-02,
       3.3259118783915379e-03, -2.5238319626619495e-03,
       -5.9617453506713902e-04, -3.5692373907472348e-03,
       3.3259118783915379e-03, 1.6044546508273309e-02,
       9.6884048501048869e-01 ]
mean_2_0: !!opencv-matrix
   rows: 15
   cols: 1
   dt: d
   data: [ 6.8330719422445074e-01, 9.6634230133932486e-01,
       5.5578215991085459e-03, 3.3500788065641640e-04,
       7.8599466827094233e-03, 9.6634230133932486e-01,
       9.6634230133932486e-01, 7.8599466827094233e-03,
       4.7377268832617093e-04, -2.6151170922589242e-03,
       -5.6230222183376477e-04, -3.6983340590662590e-03,
       4.7377268832617093e-04, 7.8599466827094233e-03,
       9.6634230133932486e-01 ]
mean_3_0: !!opencv-matrix
   rows: 15
   cols: 1
   dt: d
   data: [ 6.8364203896389997e-01, 9.6681584331114345e-01,
       7.7700688057561508e-03, 5.1619049567012585e-04,
       1.0988536685672465e-02, 9.6681584331114345e-01,
       9.6681584331114345e-01, 1.0988536685672465e-02,
       7.3000359974478076e-04, -2.6777370344536490e-03,
       -6.0131076351523159e-04, -3.7868920305930529e-03,
       7.3000359974478076e-04, 1.0988536685672465e-02,
       9.6681584331114345e-01 ]
mean_4_0: !!opencv-matrix
   rows: 15
   cols: 1
   dt: d
   data: [ 6.8473855458903199e-01, 9.6836655057955856e-01,
       1.1818846958549825e-02, 9.7939201844052422e-04,
       1.6714373660393186e-02, 9.6836655057955856e-01,
       9.6836655057955856e-01, 1.6714373660393186e-02,
       1.3850694753585490e-03, -2.7260371162693598e-03,
       -5.6763284144323539e-04, -3.8551986613605698e-03,
       1.3850694753585490e-03, 1.6714373660393186e-02,
       9.6836655057955856e-01 ]
var_0_0: !!opencv-matrix
   rows: 15
   cols: 15
   dt: d
   data: [ 8.5392395479681596e-02, -3.0752598547085256e-03,
       -1.1379798792116340e-01, -8.8727517422216184e-02,
       -8.4542163727023362e-02, 4.4615959790684251e-02,
       2.4220637072517404e-01, -2.4167525255254668e-01,
       -1.4549932193071724e-01, -2.3529488076713434e-01,
       -1.8183983019250943e-01, -2.1607836841371211e-01,
       -1.2828964634002513e-01, -1.3850470583343108e-01,
       1.7246343117035182e-01, -3.0752598547085256e-03,
       7.6442588195101547e-04, 5.3648928045826796e-03,
       3.9502185749414062e-03, 4.4327255357897184e-03,
       -1.2048273241006978e-03, -9.3636782218342249e-03,
       1.0921023407961328e-02, 6.4130993215333046e-03,
       9.7529141245959721e-03, 7.5270214182919003e-03,
       8.9748315508476843e-03, 5.7024819566583668e-03,
       6.6609325273467059e-03, -6.4838712397732746e-03,
       -1.1379798792116340e-01, 5.3648928045826796e-03,
       1.5583404639449039e-01, 1.1958559364588157e-01,
       1.1779696804999186e-01, -5.8678505744642478e-02,
       -3.2401794413757895e-01, 3.2880723593052763e-01,
       1.9600349575068754e-01, 3.1597017606366756e-01,
       2.4423309050349834e-01, 2.9016407969234798e-01,
       1.7289303388888774e-01, 1.9026197558275434e-01,
       -2.3036181818577656e-01, -8.8727517422216184e-02,
       3.9502185749414062e-03, 1.1958559364588157e-01,
       9.3636905113414340e-02, 8.9277809895337706e-02,
       -4.5894349054679408e-02, -2.5240633750914537e-01,
       2.5350575229336036e-01, 1.5334616992599079e-01,
       2.4595782514191028e-01, 1.9005038232320659e-01,
       2.2588978043275829e-01, 1.3535944521560780e-01,
       1.4567686195331844e-01, -1.7951437347096572e-01,
       -8.4542163727023362e-02, 4.4327255357897184e-03,
       1.1779696804999186e-01, 8.9277809895337706e-02,
       9.0101925596547880e-02, -4.3318207675403841e-02,
       -2.4115601903480804e-01, 2.4743175875171622e-01,
       1.4630261937386932e-01, 2.3556416024957161e-01,
       1.8211933143230152e-01, 2.1631309502353913e-01,
       1.2907139576860691e-01, 1.4413203351135423e-01,
       -1.7132575523788804e-01, 4.4615959790684251e-02,
       -1.2048273241006978e-03, -5.8678505744642478e-02,
       -4.5894349054679408e-02, -4.3318207675403841e-02,
       2.3558169469847588e-02, 1.2615421857211398e-01,
       -1.2490735980323237e-01, -7.5299340275300705e-02,
       -1.2215070433663591e-01, -9.4406381327538105e-02,
       -1.1216333019143017e-01, -6.6363457640175635e-02,
       -7.1337500683846936e-02, 8.9941175554175093e-02,
       2.4220637072517404e-01, -9.3636782218342249e-03,
       -3.2401794413757895e-01, -2.5240633750914537e-01,
       -2.4115601903480804e-01, 1.2615421857211398e-01,
       6.8762102767437994e-01, -6.8766055116263658e-01,
       -4.1384372304530309e-01, -6.6864312724573982e-01,
       -5.1672862609833514e-01, -6.1405318196035419e-01,
       -3.6494124041017817e-01, -3.9449431204325086e-01,
       4.8944164465644135e-01, -2.4167525255254668e-01,
       1.0921023407961328e-02, 3.2880723593052763e-01,
       2.5350575229336036e-01, 2.4743175875171622e-01,
       -1.2490735980323237e-01, -6.8766055116263658e-01,
       6.9495928190688405e-01, 4.1552886531157252e-01,
       6.7016036370563115e-01, 5.1796963148843977e-01,
       6.1543925851323456e-01, 3.6651434170631009e-01,
       4.0112136666652271e-01, -4.8902711736571686e-01,
       -1.4549932193071724e-01, 6.4130993215333046e-03,
       1.9600349575068754e-01, 1.5334616992599079e-01,
       1.4630261937386932e-01, -7.5299340275300705e-02,
       -4.1384372304530309e-01, 4.1552886531157252e-01,
       2.5116521257786772e-01, 4.0320695951893082e-01,
       3.1156109699689583e-01, 3.7030737048216700e-01,
       2.2167876648482032e-01, 2.3876011983511883e-01,
       -2.9434865082754730e-01, -2.3529488076713434e-01,
       9.7529141245959721e-03, 3.1597017606366756e-01,
       2.4595782514191028e-01, 2.3556416024957161e-01,
       -1.2215070433663591e-01, -6.6864312724573982e-01,
       6.7016036370563115e-01, 4.0320695951893082e-01,
       6.5098582491511880e-01, 5.0297553000073347e-01,
       5.9792448982534407e-01, 3.5560871187848647e-01,
       3.8481290285096614e-01, -4.7574921180793822e-01,
       -1.8183983019250943e-01, 7.5270214182919003e-03,
       2.4423309050349834e-01, 1.9005038232320659e-01,
       1.8211933143230152e-01, -9.4406381327538105e-02,
       -5.1672862609833514e-01, 5.1796963148843977e-01,
       3.1156109699689583e-01, 5.0297553000073347e-01,
       3.8874511160501918e-01, 4.6192988533057422e-01,
