%YAML:1.0
n_states: 5
n_mixtures: 1
trans: !!opencv-matrix
   rows: 5
   cols: 5
   dt: d
   data: [ 1.1775814568479114e-01, 2.0809964146030722e-02,
       6.3428960913364130e-01, 1.4808895803886901e-01,
       7.9053322996667993e-02, 2.0087303603910864e-01,
       2.9357213203553278e-01, 2.0148669246413747e-01,
       2.7672401716811829e-01, 2.7344122293103002e-02,
       8.2595560926697256e-03, 1.6600375023227733e-04,
       9.6994933429770902e-01, 3.5530828684600570e-04,
       2.1269797572543069e-02, 4.3529934782060881e-02,
       1.1745797524398183e-02, 7.1601907456039893e-01,
       1.7759287896042272e-01, 5.1112314172719150e-02,
       6.6809884996660518e-02, 1.2694206333468122e-01,
       6.0644750057545105e-01, 1.4000875785641478e-01,
       5.9791793236792401e-02 ]
init: !!opencv-matrix
   rows: 1
   cols: 5
   dt: d
   data: [ 1.0266575246138243e-01, 9.4586163852021718e-02,
       2.5774657365526604e-01, 4.0104015793118925e-01,
       1.4396135210013999e-01 ]
mean_0_0: !!opencv-matrix
   rows: 15
   cols: 1
   dt: d
   data: [ 6.8584063845605858e-01, 9.6992513253117763e-01,
       8.7422009338290578e-03, -5.8106200672934272e-05,
       1.2363339125611777e-02, 9.6992513253117763e-01,
       9.6992513253117763e-01, 1.2363339125611777e-02,
       -8.2174577049639737e-05, -2.7074573216291963e-03,
       -5.1094870484350420e-04, -3.8289228637943410e-03,
       -8.2174577049639737e-05, 1.2363339125611777e-02,
       9.6992513253117763e-01 ]
mean_1_0: !!opencv-matrix
   rows: 15
   cols: 1
   dt: d
   data: [ 6.8446678746195555e-01, 9.6798221382264205e-01,
       8.9518268980630384e-03, 1.1591760845891424e-03,
       1.2659795007256983e-02, 9.6798221382264205e-01,
       9.6798221382264205e-01, 1.2659795007256983e-02,
       1.6393225400045037e-03, -2.5470185182770782e-03,
       -7.7507551304280525e-04, -3.6020281321628711e-03,
       1.6393225400045037e-03, 1.2659795007256983e-02,
       9.6798221382264205e-01 ]
mean_2_0: !!opencv-matrix
   rows: 15
   cols: 1
   dt: d
   data: [ 6.8383000308160391e-01, 9.6708166471563739e-01,
       9.3893547196812286e-03, 1.0109267524608051e-03,
       1.3278552786505011e-02, 9.6708166471563739e-01,
       9.6708166471563739e-01, 1.3278552786505011e-02,
       1.4296663238958572e-03, -2.6040706154240177e-03,
       -6.1426479143833620e-04, -3.6827119817098939e-03,
       1.4296663238958572e-03, 1.3278552786505011e-02,
       9.6708166471563739e-01 ]
mean_3_0: !!opencv-matrix
   rows: 15
   cols: 1
   dt: d
   data: [ 6.8479410463516988e-01, 9.6844511020819901e-01,
       6.5034992133329549e-03, -3.3655250845476191e-04,
       9.1973367903782043e-03, 9.6844511020819901e-01,
       9.6844511020819901e-01, 9.1973367903782043e-03,
       -4.7595712190741032e-04, -2.8073246305373696e-03,
       -5.6544996062641564e-04, -3.9701565664899919e-03,
       -4.7595712190741032e-04, 9.1973367903782043e-03,
       9.6844511020819901e-01 ]
mean_4_0: !!opencv-matrix
   rows: 15
   cols: 1
   dt: d
   data: [ 6.8637914545326517e-01, 9.7068669643006289e-01,
       9.2244850745166976e-03, -3.6891697202791931e-04,
       1.3045391898289686e-02, 9.7068669643006289e-01,
       9.7068669643006289e-01, 1.3045391898289686e-02,
       -5.2172738523149811e-04, -2.8825496974528180e-03,
       -5.1354512508500162e-04, -4.0765408763522356e-03,
       -5.2172738523149811e-04, 1.3045391898289686e-02,
       9.7068669643006289e-01 ]
var_0_0: !!opencv-matrix
   rows: 15
   cols: 15
   dt: d
   data: [ 6.1903166091263173e-02, -2.1514872835666386e-03,
       -8.2355163898551714e-02, -6.4232098895011844e-02,
       -6.1136908525492133e-02, 3.2391136792516824e-02,
       1.7550534810223567e-01, -1.7494798858534619e-01,
       -1.0533809460080329e-01, -1.7041881092677441e-01,
       -1.3170340734992850e-01, -1.5649841665229330e-01,
       -9.2873172151329536e-02, -1.0022183485011238e-01,
       1.2499072170106394e-01, -2.1514872835666386e-03,
       6.6103206615820173e-04, 3.9825343960831570e-03,
       2.9078117613148954e-03, 3.3474460690422862e-03,
       -7.6529281529904918e-04, -6.6747269113182758e-03,
       8.0469030332075506e-03, 4.7110048005309848e-03,
       7.0705831624173921e-03, 5.4556201173848844e-03,
       6.5097427622241638e-03, 4.1963065252650610e-03,
       4.9613304914862735e-03, -4.5888903415541790e-03,
       -8.2355163898551714e-02, 3.9825343960831570e-03,
       1.1317526496669358e-01, 8.6651021609815096e-02,
       8.5751477268636592e-02, -4.2403929550313087e-02,
       -2.3458858201079524e-01, 2.3858565542107535e-01,
       1.4201500733161068e-01, 2.2885665260005911e-01,
       1.7690318832202054e-01, 2.1016548585994951e-01,
       1.2527616101456257e-01, 1.3823769029666905e-01,
       -1.6675369803780848e-01, -6.4232098895011844e-02,
       2.9078117613148954e-03, 8.6651021609815096e-02,
       6.7927345945675927e-02, 6.4713875736002416e-02,
       -3.3194476556472903e-02, -1.8277056283457374e-01,
       1.8366373944727066e-01, 1.1121867382542172e-01,
       1.7815208510186270e-01, 1.3765225212459642e-01,
       1.6361912492887332e-01, 9.8190936756617636e-02,
       1.0556355976530425e-01, -1.2997510634048764e-01,
       -6.1136908525492133e-02, 3.3474460690422862e-03,
       8.5751477268636592e-02, 6.4713875736002416e-02,
       6.5870741867279051e-02, -3.1238428384595746e-02,
       -1.7453183116682458e-01, 1.7982432332400605e-01,
       1.0603758544470854e-01, 1.7061890881872993e-01,
       1.3191676278198614e-01, 1.5667558369372281e-01,
       9.3557055825353022e-02, 1.0500460592797055e-01,
       -1.2395395604838490e-01, 3.2391136792516824e-02,
       -7.6529281529904918e-04, -4.2403929550313087e-02,
       -3.3194476556472903e-02, -3.1238428384595746e-02,
       1.7170480176265664e-02, 9.1480526809207346e-02,
       -9.0333235176987020e-02, -5.4473098779126525e-02,
       -8.8466858334356163e-02, -6.8374473514648662e-02,
       -8.1230306945973038e-02, -4.8000862653730068e-02,
       -5.1532728099822178e-02, 6.5251515663744875e-02,
       1.7550534810223567e-01, -6.6747269113182758e-03,
       -2.3458858201079524e-01, -1.8277056283457374e-01,
       -1.7453183116682458e-01, 9.1480526809207346e-02,
       4.9814944956323748e-01, -4.9793388119280146e-01,
       -2.9967989856420302e-01, -4.8428987282924441e-01,
       -3.7426135685617484e-01, -4.4474779729663183e-01,
       -2.6425995991275952e-01, -2.8559435066711381e-01,
       3.5460864733340469e-01, -1.7494798858534619e-01,
       8.0469030332075506e-03, 2.3858565542107535e-01,
       1.8366373944727066e-01, 1.7982432332400605e-01,
       -9.0333235176987020e-02, -4.9793388119280146e-01,
       5.0396732304163117e-01, 3.0103744231542112e-01,
       4.8539578792767007e-01, 3.7517224559285212e-01,
       4.4576160679956789e-01, 2.6553635268605436e-01,
       2.9114129928049443e-01, -3.5406421118633385e-01,
       -1.0533809460080329e-01, 4.7110048005309848e-03,
       1.4201500733161068e-01, 1.1121867382542172e-01,
       1.0603758544470854e-01, -5.4473098779126525e-02,
       -2.9967989856420302e-01, 3.0103744231542112e-01,
       1.8213106539397300e-01, 2.9204948810573356e-01,
       2.2566183589408403e-01, 2.6822361523025862e-01,
       1.6077411058541144e-01, 1.7300430814951967e-01,
       -2.1312993424679541e-01, -1.7041881092677441e-01,
       7.0705831624173921e-03, 2.2885665260005911e-01,
       1.7815208510186270e-01, 1.7061890881872993e-01,
       -8.8466858334356163e-02, -4.8428987282924441e-01,
       4.8539578792767007e-01, 2.9204948810573356e-01,
       4.7152170502625718e-01, 3.6430467427806290e-01,
       4.3309548366458889e-01, 2.5757420340659221e-01,
       2.7871937779061434e-01, -3.4457732076882536e-01,
       -1.3170340734992850e-01, 5.4556201173848844e-03,
       1.7690318832202054e-01, 1.3765225212459642e-01,
       1.3191676278198614e-01, -6.8374473514648662e-02,
       -3.7426135685617484e-01, 3.7517224559285212e-01,
       2.2566183589408403e-01, 3.6430467427806290e-01,
       2.8157325661979304e-01, 3.3457576637727376e-01,
