%YAML:1.0
n_states: 5
n_mixtures: 1
trans: !!opencv-matrix
   rows: 5
   cols: 5
   dt: d
   data: [ 3.7459986764976416e-01, 9.3455875283150486e-03,
       7.6690255418993172e-02, 5.0608023872376828e-01,
       1.6528673852733017e-01, 7.8246759335262178e-03,
       8.2584652431214725e+00, 3.1901805476130564e-04,
       1.1465875642814014e-02, 7.0579264581314711e-04,
       1.8952743722861351e-01, 5.7364131396398692e-04,
       4.8161503488255281e-01, 8.6853146866521722e-03,
       3.2995384173917858e-01, 1.3604070716883088e-01,
       4.9634148997467695e-03, 8.2144460518764617e-02,
       5.8274496339900950e-01, 1.0551463792669173e-01,
       4.1110393371605290e-02, 1.1172811090415175e-02,
       1.3998346894514397e-02, 9.3014625372083590e-02,
       6.4106671364468788e+00 ]
init: !!opencv-matrix
   rows: 1
   cols: 5
   dt: d
   data: [ 1.0466126187924232e-01, 5.1013013655876197e-02,
       2.2620205364070561e-01, 5.0532054766742618e-01,
       1.1280312315675008e-01 ]
mean_0_0: !!opencv-matrix
   rows: 15
   cols: 1
   dt: d
   data: [ 6.8917776766979666e-01, 9.7464454592463912e-01,
       7.5658959986422470e-04, -1.6617685610650812e-03,
       1.0699792732784203e-03, 9.7464454592463912e-01,
       9.7464454592463912e-01, 1.0699792732784203e-03,
       -2.3500956365834604e-03, 6.5329691587592286e-05,
       3.1908973615953789e-04, 9.2390135868824385e-05,
       -2.3500956365834604e-03, 1.0699792732784203e-03,
       9.7464454592463912e-01 ]
mean_1_0: !!opencv-matrix
   rows: 15
   cols: 1
   dt: d
   data: [ 6.8900345709537991e-01, 9.7439803354623633e-01,
       -1.1810313868884194e-03, -1.0626888293218714e-03,
       -1.6702306049259086e-03, 9.7439803354623633e-01,
       9.7439803354623633e-01, -1.6702306049259086e-03,
       -1.5028689550093772e-03, -5.7445422284101047e-04,
       5.9099676383818855e-04, -8.1240095290425259e-04,
       -1.5028689550093772e-03, -1.6702306049259086e-03,
       9.7439803354623633e-01 ]
mean_2_0: !!opencv-matrix
   rows: 15
   cols: 1
   dt: d
   data: [ 6.8779450004487963e-01, 9.7268831008909284e-01,
       -1.8600902005569968e-03, -2.4028484688524664e-03,
       -2.6305647888650017e-03, 9.7268831008909284e-01,
       9.7268831008909284e-01, -2.6305647888650017e-03,
       -3.3981408929785856e-03, 3.4089303344294215e-04,
       1.4788201001271579e-04, 4.8209555121351259e-04,
       -3.3981408929785856e-03, -2.6305647888650017e-03,
       9.7268831008909284e-01 ]
mean_3_0: !!opencv-matrix
   rows: 15
   cols: 1
   dt: d
   data: [ 6.8838074850732289e-01, 9.7351739061559550e-01,
       -1.1375714603864108e-03, -1.7808825166373099e-03,
       -1.6087689874470278e-03, 9.7351739061559550e-01,
       9.7351739061559550e-01, -1.6087689874470278e-03,
       -2.5185482080216158e-03, -1.9837168897066026e-04,
       4.6854220680516377e-04, -2.8053993293316524e-04,
       -2.5185482080216158e-03, -1.6087689874470278e-03,
       9.7351739061559550e-01 ]
mean_4_0: !!opencv-matrix
   rows: 15
   cols: 1
   dt: d
   data: [ 6.8904606987802930e-01, 9.7445829712138743e-01,
       -5.2869615979702744e-04, -1.2824836461514889e-03,
       -7.4768927955953216e-04, 9.7445829712138743e-01,
       9.7445829712138743e-01, -7.4768927955953216e-04,
       -1.8137057659091316e-03, -3.7403655217615133e-04,
       4.9653923585869222e-04, -5.2896756491078458e-04,
       -1.8137057659091316e-03, -7.4768927955953216e-04,
       9.7445829712138743e-01 ]
var_0_0: !!opencv-matrix
   rows: 15
   cols: 15
   dt: d
   data: [ 8.8107241317315579e-02, -1.1838644590164984e-03,
       -1.1855127032857626e-01, -9.0951633787636918e-02,
       -9.0062666695595150e-02, 4.7257537787104564e-02,
       2.4795604470772947e-01, -2.4966745807165236e-01,
       -1.4895960664550820e-01, -2.3824452840806934e-01,
       -1.8444736947343907e-01, -2.1841444260494039e-01,
       -1.3147922296036377e-01, -1.4487403926765860e-01,
       1.7711604912945728e-01, -1.1838644590164984e-03,
       6.8435960664545842e-04, 2.7781474798441157e-03,
       1.9095106688688671e-03, 2.4739398658901782e-03,
       -2.2395645919404326e-04, -3.9872182512410200e-03,
       5.4666607507081926e-03, 3.0817458181759401e-03,
       4.4710567470164879e-03, 3.4721006084787397e-03,
       4.1007905196261780e-03, 2.7539742714815614e-03,
       3.5016981055250875e-03, -2.6589101696371871e-03,
       -1.1855127032857626e-01, 2.7781474798441157e-03,
       1.6236479628494335e-01, 1.2351520287422760e-01,
       1.2448182086858128e-01, -6.2857833740362537e-02,
       -3.3479553208022750e-01, 3.4073933208157908e-01,
       2.0222933153554096e-01, 3.2281781674326765e-01,
       2.4993928459213266e-01, 2.9595177656129973e-01,
       1.7854417623283678e-01, 1.9874883325841677e-01,
       -2.3881043660774162e-01, -9.0951633787636918e-02,
       1.9095106688688671e-03, 1.2351520287422760e-01,
       9.4835753850442350e-02, 9.4153677255567794e-02,
       -4.8360474037936266e-02, -2.5663501618099405e-01,
       2.5978328435988574e-01, 1.5522017825157636e-01,
       2.4722727876881570e-01, 1.9142775916042012e-01,
       2.2664425580244299e-01, 1.3707993912190367e-01,
       1.5103408808589783e-01, -1.8312092845379466e-01,
       -9.0062666695595150e-02, 2.4739398658901782e-03,
       1.2448182086858128e-01, 9.4153677255567794e-02,
       9.5948026343286558e-02, -4.7529256913068911e-02,
       -2.5469846485231690e-01, 2.6069862025659124e-01,
       1.5414358492102481e-01, 2.4593317786265834e-01,
       1.9041568794074307e-01, 2.2546683013772520e-01,
       1.3609961788763922e-01, 1.5252656704119139e-01,
       -1.8157452387464623e-01, 4.7257537787104564e-02,
       -2.2395645919404326e-04, -6.2857833740362537e-02,
       -4.8360474037936266e-02, -4.7529256913068911e-02,
       2.5599970261108562e-02, 1.3259157858118756e-01,
       -1.3261396226002295e-01, -7.9232321350667739e-02,
       -1.2700492715923295e-01, -9.8319850416214910e-02,
       -1.1643262228430369e-01, -6.9913595500528086e-02,
       -7.6748990510964857e-02, 9.4827047212231244e-02,
       2.4795604470772947e-01, -3.9872182512410200e-03,
       -3.3479553208022750e-01, -2.5663501618099405e-01,
       -2.5469846485231690e-01, 1.3259157858118756e-01,
       6.9845382307223858e-01, -7.0469845172466639e-01,
       -4.2026931890525310e-01, -6.7172560910475831e-01,
       -5.2005604383595583e-01, -6.1581692707563229e-01,
       -3.7098400384034058e-01, -4.0923716463212872e-01,
       4.9872299541087189e-01, -2.4966745807165236e-01,
       5.4666607507081926e-03, 3.4073933208157908e-01,
       2.5978328435988574e-01, 2.6069862025659124e-01,
       -1.3261396226002295e-01, -7.0469845172466639e-01,
       7.1564682585830686e-01, 4.2535207411892273e-01,
       6.7912041046386251e-01, 5.2579993269305103e-01,
       6.2260046608559816e-01, 3.7552481566245055e-01,
       4.1693663406078085e-01, -5.0277137550530482e-01,
       -1.4895960664550820e-01, 3.0817458181759401e-03,
       2.0222933153554096e-01, 1.5522017825157636e-01,
       1.5414358492102481e-01, -7.9232321350667739e-02,
       -4.2026931890525310e-01, 4.2535207411892273e-01,
       2.5406800981272620e-01, 4.0482272702691580e-01,
       3.1344962386199127e-01, 3.7112050026073268e-01,
       2.2436446263864779e-01, 2.4728182606008445e-01,
       -2.9989443535742166e-01, -2.3824452840806934e-01,
       4.4710567470164879e-03, 3.2281781674326765e-01,
       2.4722727876881570e-01, 2.4593317786265834e-01,
       -1.2700492715923295e-01, -6.7172560910475831e-01,
       6.7912041046386251e-01, 4.0482272702691580e-01,
       6.4671327894186359e-01, 5.0062224459709537e-01,
       5.9292842569557169e-01, 3.5737879399652533e-01,
       3.9469805261896601e-01, -4.7945706016295836e-01,
       -1.8444736947343907e-01, 3.4721006084787397e-03,
       2.4993928459213266e-01, 1.9142775916042012e-01,
       1.9041568794074307e-01, -9.8319850416214910e-02,
       -5.2005604383595583e-01, 5.2579993269305103e-01,
       3.1344962386199127e-01, 5.0062224459709537e-01,
       3.8763651478408967e-01, 4.5894790557781306e-01,
