%YAML:1.0
n_states: 5
n_mixtures: 1
trans: !!opencv-matrix
   rows: 5
   cols: 5
   dt: d
   data: [ 2.1789828136214410e-05, 4.5640147051962199e-03,
       7.4057976896034694e-01, 1.9016723146060355e-01,
       6.4667195045717107e-02, 8.0486757941451582e-76,
       7.6801974044731519e-02, 3.5396928969432390e-01,
       5.3497623993889121e-01, 3.4252496322053322e-02,
       3.9523501230991914e-81, 6.9996268806558983e-09,
       9.9999666973366463e-01, 8.8501576390502548e-08,
       3.2347651319990078e-06, 9.9890357242424401e-77,
       2.0174178448876877e-03, 7.6676267982426072e-01,
       1.9482361509790722e-01, 3.6396287232944483e-02,
       1.9988642999012967e-76, 3.1952661104721281e-02,
       7.0941244017397287e-01, 2.0338735867123159e-01,
       5.5247540050074304e-02 ]
init: !!opencv-matrix
   rows: 1
   cols: 5
   dt: d
   data: [ 1.0882337573042132e-01, 1.0326891292142422e-01,
       2.3918314357388701e-01, 3.9020900571452999e-01,
       1.5851556205973738e-01 ]
mean_0_0: !!opencv-matrix
   rows: 15
   cols: 1
   dt: d
   data: [ 6.8742123508298691e-01, 9.7216043371762439e-01,
       -7.9938700469625746e-03, 2.4716178734572890e-04,
       -1.1305039436262508e-02, 9.7216043371762439e-01,
       9.7216043371762439e-01, -1.1305039436262508e-02,
       3.4953955176470565e-04, 1.8418417205152218e-03,
       -1.9312724601668124e-03, 2.6047575408972260e-03,
       3.4953955176470565e-04, -1.1305039436262508e-02,
       9.7216043371762439e-01 ]
mean_1_0: !!opencv-matrix
   rows: 15
   cols: 1
   dt: d
   data: [ 6.8817911231617690e-01, 9.7323223397941305e-01,
       -7.0949501746290474e-03, 7.9478196789875154e-04,
       -1.0033774761321753e-02, 9.7323223397941305e-01,
       9.7323223397941305e-01, -1.0033774761321753e-02,
       1.1239914381319942e-03, 1.9467771393750857e-03,
       -1.9432721827765708e-03, 2.7531586334221484e-03,
       1.1239914381319942e-03, -1.0033774761321753e-02,
       9.7323223397941305e-01 ]
mean_2_0: !!opencv-matrix
   rows: 15
   cols: 1
   dt: d
   data: [ 6.8663455103421034e-01, 9.7104789446654260e-01,
       -9.0774486615041294e-03, 4.2278183604690314e-05,
       -1.2837451008844637e-02, 9.7104789446654260e-01,
       9.7104789446654260e-01, -1.2837451008844637e-02,
       5.9790380646252448e-05, 1.7690129091333436e-03,
       -1.9220506816153276e-03, 2.5017620481094585e-03,
       5.9790380646252448e-05, -1.2837451008844637e-02,
       9.7104789446654260e-01 ]
mean_3_0: !!opencv-matrix
   rows: 15
   cols: 1
   dt: d
   data: [ 6.8609566171866598e-01, 9.7028578988788716e-01,
       -9.7625888527701730e-03, -1.4798600405252957e-04,
       -1.3806385559459936e-02, 9.7028578988788716e-01,
       9.7028578988788716e-01, -1.3806385559459936e-02,
       -2.0928381397248752e-04, 1.7157141402765694e-03,
       -1.9090828771130160e-03, 2.4263862063344174e-03,
       -2.0928381397248752e-04, -1.3806385559459936e-02,
       9.7028578988788716e-01 ]
mean_4_0: !!opencv-matrix
   rows: 15
   cols: 1
   dt: d
   data: [ 6.8791448619422135e-01, 9.7285799612878987e-01,
       -7.0531769035582876e-03, 2.6294313593276089e-04,
       -9.9746984348287795e-03, 9.7285799612878987e-01,
       9.7285799612878987e-01, -9.9746984348287795e-03,
       3.7185774896902240e-04, 1.8744835546647082e-03,
       -1.9081156331899329e-03, 2.6509200654521656e-03,
       3.7185774896902240e-04, -9.9746984348287795e-03,
       9.7285799612878987e-01 ]
var_0_0: !!opencv-matrix
   rows: 15
   cols: 15
   dt: d
   data: [ 8.7334914881597309e-02, -1.5303865775295091e-03,
       -1.2008763681683943e-01, -8.9787268591847644e-02,
       -9.2695426647049203e-02, 4.6623835358538715e-02,
       2.4613252000375377e-01, -2.5135401598625395e-01,
       -1.4719239398738601e-01, -2.3624393620855644e-01,
       -1.8404158032320567e-01, -2.1628777830698637e-01,
       -1.2981564111748978e-01, -1.4718185513740165e-01,
       1.7571249269541162e-01, -1.5303865775295091e-03,
       1.2489485595882409e-03, 4.3204953842165801e-03,
       2.7457623877815383e-03, 4.0045673316581746e-03,
       -6.5520527580446340e-05, -5.5115227272628260e-03,
       8.3354816879748200e-03, 4.4348779210148341e-03,
       6.5461835073568611e-03, 5.0014489525247044e-03,
       6.0417901927526324e-03, 3.9605435103545741e-03,
       5.4918870938979753e-03, -3.5892624291464156e-03,
       -1.2008763681683943e-01, 4.3204953842165801e-03,
       1.6934988957663316e-01, 1.2550373928923289e-01,
       1.3206849183869510e-01, -6.2746202368461804e-02,
       -3.4061152993827409e-01, 3.5303992963299391e-01,
       2.0564212818659472e-01, 3.2918908581841461e-01,
       2.5629046419709539e-01, 3.0146179547331553e-01,
       1.8144068985382375e-01, 2.0795435779738339e-01,
       -2.4253417561004556e-01, -8.9787268591847644e-02,
       2.7457623877815383e-03, 1.2550373928923289e-01,
       9.3617075813256512e-02, 9.7465811820854259e-02,
       -4.7212126659987474e-02, -2.5419361926523926e-01,
       2.6206712576601121e-01, 1.5336569675323319e-01,
       2.4519526457503310e-01, 1.9090640473407811e-01,
       2.2453411068346682e-01, 1.3533807929868644e-01,
       1.5399308689019522e-01, -1.8113593564859390e-01,
       -9.2695426647049203e-02, 4.0045673316581746e-03,
       1.3206849183869510e-01, 9.7465811820854259e-02,
       1.0343620422769102e-01, -4.8021956616170758e-02,
       -2.6357405033029518e-01, 2.7485325897200591e-01,
       1.5967699617255826e-01, 2.5540872006125487e-01,
       1.9880820531789350e-01, 2.3391710402033136e-01,
       1.4090289884581905e-01, 1.6230413652339978e-01,
       -1.8749122540108457e-01, 4.6623835358538715e-02,
       -6.5520527580446340e-05, -6.2746202368461804e-02,
       -4.7212126659987474e-02, -4.8021956616170758e-02,
       2.5352260385250871e-02, 1.3066115818556845e-01,
       -1.3176849225985415e-01, -7.7437822362271647e-02,
       -1.2463937537133893e-01, -9.7158464094712654e-02,
       -1.1408088194931061e-01, -6.8265656772931879e-02,
       -7.6782136853930913e-02, 9.3490568483684908e-02,
       2.4613252000375377e-01, -5.5115227272628260e-03,
       -3.4061152993827409e-01, -2.5419361926523926e-01,
       -2.6357405033029518e-01, 1.3066115818556845e-01,
       6.9484081598588598e-01, -7.1223596597397842e-01,
       -4.1664618426990668e-01, -6.6815679178986198e-01,
       -5.2041916805922994e-01, -6.1176343919110687e-01,
       -3.6750741868056647e-01, -4.1765323056805570e-01,
       4.9570388628400253e-01, -2.5135401598625395e-01,
       8.3354816879748200e-03, 3.5303992963299391e-01,
       2.6206712576601121e-01, 2.7485325897200591e-01,
       -1.3176849225985415e-01, -7.1223596597397842e-01,
       7.3646800371632104e-01, 4.2943126921602337e-01,
       6.8763905992641294e-01, 5.3540481179218480e-01,
       6.2969743113305032e-01, 3.7887387188928390e-01,
       4.3338069126771467e-01, -5.0734997104476820e-01,
       -1.4719239398738601e-01, 4.4348779210148341e-03,
       2.0564212818659472e-01, 1.5336569675323319e-01,
       1.5967699617255826e-01, -7.7437822362271647e-02,
       -4.1664618426990668e-01, 4.2943126921602337e-01,
       2.5126010138601579e-01, 4.0182711133160376e-01,
       3.1286677924990219e-01, 3.6796388504983968e-01,
       2.2171582421956990e-01, 2.5231583135548219e-01,
       -2.9691674917673305e-01, -2.3624393620855644e-01,
       6.5461835073568611e-03, 3.2918908581841461e-01,
       2.4519526457503310e-01, 2.5540872006125487e-01,
       -1.2463937537133893e-01, -6.6815679178986198e-01,
       6.8763905992641294e-01, 4.0182711133160376e-01,
       6.4384004096547964e-01, 5.0134262690237430e-01,
       5.8957559226091549e-01, 3.5448797999311382e-01,
       4.0384497934295976e-01, -4.7631295614523755e-01,
       -1.8404158032320567e-01, 5.0014489525247044e-03,
       2.5629046419709539e-01, 1.9090640473407811e-01,
       1.9880820531789350e-01, -9.7158464094712654e-02,
       -5.2041916805922994e-01, 5.3540481179218480e-01,
       3.1286677924990219e-01, 5.0134262690237430e-01,
       3.9044032335133827e-01, 4.5906644336879404e-01,
