%YAML:1.0
n_states: 5
n_mixtures: 1
trans: !!opencv-matrix
   rows: 5
   cols: 5
   dt: d
   data: [ 2.7585545735850864e-01, 2.1555555813137839e-02,
       2.0554850922213633e-01, 3.6049893109764203e-01,
       1.3654154650857514e-01, 1.2694370349475737e-01,
       7.6923120158016486e-02, 2.3658545026540767e-01,
       1.3902527796825234e-02, 5.4564519828499325e-01,
       8.3700992661949150e-02, 1.8284305500424922e-01,
       1.4608612353871345e-01, 1.9533036319041822e-01,
       3.9203946560466990e-01, 6.8769456670998555e-02,
       2.0570717534100000e-01, 1.1143217964612566e-01,
       1.7302672533920443e-01, 4.4106446300267138e-01,
       6.2650609207424893e-02, 2.5918403569442161e-01,
       1.2444696280760933e-02, 2.0064288226495277e-02,
       6.4565637059089720e-01 ]
init: !!opencv-matrix
   rows: 1
   cols: 5
   dt: d
   data: [ 4.5268357785413750e-02, 4.2155840012294510e-01,
       1.6477588995018566e-01, 5.9754204137126968e-02,
       3.0864314800432857e-01 ]
mean_0_0: !!opencv-matrix
   rows: 15
   cols: 1
   dt: d
   data: [ 6.8746252111509798e-01, 9.7221882098417289e-01,
       -6.3606179987651564e-03, -2.0571021968462789e-04,
       -8.9952722389280947e-03, 9.7221882098417289e-01,
       9.7221882098417289e-01, -8.9952722389280947e-03,
       -2.9091818259674841e-04, 1.9887973678111783e-03,
       -1.8303093368853402e-03, 2.8125842103704835e-03,
       -2.9091818259674841e-04, -8.9952722389280947e-03,
       9.7221882098417289e-01 ]
mean_1_0: !!opencv-matrix
   rows: 15
   cols: 1
   dt: d
   data: [ 6.8662936675675357e-01, 9.7104056279105189e-01,
       -8.4130268571092071e-03, -2.5163907943026972e-04,
       -1.1897816681932948e-02, 9.7104056279105189e-01,
       9.7104056279105189e-01, -1.1897816681932948e-02,
       -3.5587139895336883e-04, 1.8538349559848162e-03,
       -2.0005134073876395e-03, 2.6217185371550595e-03,
       -3.5587139895336883e-04, -1.1897816681932948e-02,
       9.7104056279105189e-01 ]
mean_2_0: !!opencv-matrix
   rows: 15
   cols: 1
   dt: d
   data: [ 6.8615154694169256e-01, 9.7036482352821929e-01,
       -8.9638631304680798e-03, -2.2556107977729433e-04,
       -1.2676816810364115e-02, 9.7036482352821929e-01,
       9.7036482352821929e-01, -1.2676816810364115e-02,
       -3.1899153816456930e-04, 1.7703723338872873e-03,
       -2.0028330503064603e-03, 2.5036845650335104e-03,
       -3.1899153816456930e-04, -1.2676816810364115e-02,
       9.7036482352821929e-01 ]
mean_3_0: !!opencv-matrix
   rows: 15
   cols: 1
   dt: d
   data: [ 6.8553533480646789e-01, 9.6949336796928709e-01,
       -1.0136714727621135e-02, -1.6151620757514910e-04,
       -1.4335479445708926e-02, 9.6949336796928709e-01,
       9.6949336796928709e-01, -1.4335479445708926e-02,
       -2.2841841129584450e-04, 1.7118143035343490e-03,
       -2.0302506749902268e-03, 2.4208710043225313e-03,
       -2.2841841129584450e-04, -1.4335479445708926e-02,
       9.6949336796928709e-01 ]
mean_4_0: !!opencv-matrix
   rows: 15
   cols: 1
   dt: d
   data: [ 6.8613054198797929e-01, 9.7033511803780426e-01,
       -9.7009047747676960e-03, -3.3113669827585693e-06,
       -1.3719151099766390e-02, 9.7033511803780426e-01,
       9.7033511803780426e-01, -1.3719151099766390e-02,
       -4.6829800970110783e-06, 1.7757195358127508e-03,
       -2.1174308517100749e-03, 2.5112466505172524e-03,
       -4.6829800970110783e-06, -1.3719151099766390e-02,
       9.7033511803780426e-01 ]
var_0_0: !!opencv-matrix
   rows: 15
   cols: 15
   dt: d
   data: [ 6.7919141766390227e-04, -3.1461063972149932e-03,
       5.0323474000806383e-03, 5.8145160298210419e-03,
       8.9254284588774508e-03, -6.5604659199308794e-03,
       -5.3467325056885716e-03, 6.3117895653638668e-03,
       8.2537001482050378e-03, 8.6334284825872187e-03,
       1.9495467923400058e-05, 7.5377934618500678e-03,
       3.3183329291601913e-03, 9.9050911700007942e-03,
       -1.8727256223323393e-03, -3.1461063972149932e-03,
       1.9622221383358812e-01, -2.0856885040261827e-01,
       -2.7446170940094522e-01, -3.8333932856249220e-01,
       3.6306580440140829e-01, 3.0375639674323401e-01,
       -2.5562316553386993e-01, -3.8964923437265958e-01,
       -4.1870285813806030e-01, -1.6674808607594748e-03,
       -3.6385050280604186e-01, -1.4848119623320261e-01,
       -4.3121080875717688e-01, 1.3399812195691821e-01,
       5.0323474000806383e-03, -2.0856885040261827e-01,
       2.2646518865671103e-01, 2.9543221400361086e-01,
       4.1526102244360769e-01, -3.8789563188255199e-01,
       -3.2414871088531783e-01, 2.7798917171836468e-01,
       4.1941836784936604e-01, 4.5018970970960470e-01,
       1.7662728579926189e-03, 3.9129943342872292e-01,
       1.6020620436023994e-01, 4.6671423343467394e-01,
       -1.4168916932659223e-01, 5.8145160298210419e-03,
       -2.7446170940094522e-01, 2.9543221400361086e-01,
       3.8726528331893767e-01, 5.4230239553219195e-01,
       -5.0949324672194207e-01, -4.2594444983943847e-01,
       3.6238942413665831e-01, 5.4979133960097470e-01,
       5.8997632640030662e-01, 2.3048496742722651e-03,
       5.1276919153495815e-01, 2.1005941125000471e-01,
       6.0973865452000431e-01, -1.8680701483099169e-01,
       8.9254284588774508e-03, -3.8333932856249220e-01,
       4.1526102244360769e-01, 5.4230239553219195e-01,
       7.6165469323583845e-01, -7.1255246241435966e-01,
       -5.9552407735267132e-01, 5.0964718050434021e-01,
       7.6989465684902136e-01, 8.2644402388811355e-01,
       3.2444106682968750e-03, 7.1832047398401844e-01,
       2.9402569867934275e-01, 8.5611394074653757e-01,
       -2.6055973470402732e-01, -6.5604659199308794e-03,
       3.6306580440140829e-01, -3.8789563188255199e-01,
       -5.0949324672194207e-01, -7.1255246241435966e-01,
       6.7264223496922837e-01, 5.6259428731105388e-01,
       -4.7557653938573646e-01, -7.2331876326204436e-01,
       -7.7697483049250093e-01, -3.0767917282347561e-03,
       -6.7522850849136395e-01, -2.7583414512258780e-01,
       -8.0137746260904386e-01, 2.4760969252473863e-01,
       -5.3467325056885716e-03, 3.0375639674323401e-01,
       -3.2414871088531783e-01, -4.2594444983943847e-01,
       -5.9552407735267132e-01, 5.6259428731105388e-01,
       4.7058282965287968e-01, -3.9738771432404901e-01,
       -6.0470622295012144e-01, -6.4961663597899810e-01,
       -2.5758111842910550e-03, -5.6454013855081697e-01,
       -2.3056283481066489e-01, -6.6979095754735540e-01,
       2.0722315486656406e-01, 6.3117895653638668e-03,
       -2.5562316553386993e-01, 2.7798917171836468e-01,
       3.6238942413665831e-01, 5.0964718050434021e-01,
       -4.7557653938573646e-01, -3.9738771432404901e-01,
       3.4127630777284240e-01, 5.1447584331061413e-01,
       5.5219242408688474e-01, 2.1656052080696337e-03,
       4.7996547333765810e-01, 1.9653900514093592e-01,
       5.7275714801503996e-01, -1.7359185167540495e-01,
       8.2537001482050378e-03, -3.8964923437265958e-01,
       4.1941836784936604e-01, 5.4979133960097470e-01,
       7.6989465684902136e-01, -7.2331876326204436e-01,
       -6.0470622295012144e-01, 5.1447584331061413e-01,
       7.8052573522221724e-01, 8.3757733565658898e-01,
       3.2722349046530358e-03, 7.2796786486083409e-01,
       2.9821517480270116e-01, 8.6563255238001535e-01,
       -2.6520763400073183e-01, 8.6334284825872187e-03,
       -4.1870285813806030e-01, 4.5018970970960470e-01,
       5.8997632640030662e-01, 8.2644402388811355e-01,
       -7.7697483049250093e-01, -6.4961663597899810e-01,
       5.5219242408688474e-01, 8.3757733565658898e-01,
       8.9935359396352876e-01, 3.5433527741333300e-03,
       7.8167024425265097e-01, 3.1970458789915113e-01,
       9.2924095825344299e-01, -2.8508580968718478e-01,
       1.9495467923400058e-05, -1.6674808607594748e-03,
       1.7662728579926189e-03, 2.3048496742722651e-03,
       3.2444106682968750e-03, -3.0767917282347561e-03,
       -2.5758111842910550e-03, 2.1656052080696337e-03,
       3.2722349046530358e-03, 3.5433527741333300e-03,
