%YAML:1.0
n_states: 5
n_mixtures: 1
trans: !!opencv-matrix
   rows: 5
   cols: 5
   dt: d
   data: [ 2.2873821252724547e-01, 1.8430283885234856e-02,
       3.7482150554335669e-01, 1.5997432338653464e-01,
       2.1803567465762838e-01, 3.0208360376556753e-01,
       8.6303152756227811e-02, 3.8063328786096129e-01,
       1.8454241911962821e-01, 4.6437536497615214e-02,
       2.9494557489948126e-01, 1.1463595457623439e-01,
       3.8758656910915046e-01, 1.0613801159624822e-01,
       9.6693889818885825e-02, 2.1863155598940887e-01,
       1.7608805986916212e-01, 3.6379521664519648e-01,
       5.2613109917185555e-02, 1.8887205757904704e-01,
       2.9268704059467326e-01, 1.8520771532874242e-01,
       3.7191454361815890e-01, 1.4648361651982303e-01,
       3.7070839386025012e-03 ]
init: !!opencv-matrix
   rows: 1
   cols: 5
   dt: d
   data: [ 2.9735291958920129e-01, 1.7487576719917222e-01,
       3.1289508174826558e-01, 8.4492366652728787e-02,
       1.3038386481063224e-01 ]
mean_0_0: !!opencv-matrix
   rows: 15
   cols: 1
   dt: d
   data: [ 6.7777887547068838e-01, 9.5852407798063299e-01,
       4.6899924441988544e-03, -2.6098943666169896e-03,
       6.6326509220133618e-03, 9.5852407798063299e-01,
       9.5852407798063299e-01, 6.6326509220133618e-03,
       -3.6909480096308858e-03, -1.4050689261120809e-03,
       -4.6280745852521116e-04, -1.9870675313767047e-03,
       -3.6909480096308858e-03, 6.6326509220133618e-03,
       9.5852407798063299e-01 ]
mean_1_0: !!opencv-matrix
   rows: 15
   cols: 1
   dt: d
   data: [ 6.7840093663626555e-01, 9.5940380531761793e-01,
       6.4909238242972052e-03, -2.4198915696923970e-03,
       9.1795525046517445e-03, 9.5940380531761793e-01,
       9.5940380531761793e-01, 9.1795525046517445e-03,
       -3.4222434773313027e-03, -1.2390074650701368e-03,
       -4.7400498111665904e-04, -1.7522211609836964e-03,
       -3.4222434773313027e-03, 9.1795525046517445e-03,
       9.5940380531761793e-01 ]
mean_2_0: !!opencv-matrix
   rows: 15
   cols: 1
   dt: d
   data: [ 6.7739044730416098e-01, 9.5797475759952200e-01,
       3.6714491640333544e-03, -2.6544117036840583e-03,
       5.1922132013393378e-03, 9.5797475759952200e-01,
       9.5797475759952200e-01, 5.1922132013393378e-03,
       -3.7539050314718643e-03, -1.2985500740000668e-03,
       -4.9826042543013604e-04, -1.8364271260714838e-03,
       -3.7539050314718643e-03, 5.1922132013393378e-03,
       9.5797475759952200e-01 ]
mean_3_0: !!opencv-matrix
   rows: 15
   cols: 1
   dt: d
   data: [ 6.7642201936455360e-01, 9.5660519367314811e-01,
       1.5780273916778176e-03, -2.3140355250711978e-03,
       2.2316677391070092e-03, 9.5660519367314811e-01,
       9.5660519367314811e-01, 2.2316677391070092e-03,
       -3.2725404233688343e-03, -1.3875992227940172e-03,
       -5.9134787606195756e-04, -1.9623616400136659e-03,
       -3.2725404233688343e-03, 2.2316677391070092e-03,
       9.5660519367314811e-01 ]
mean_4_0: !!opencv-matrix
   rows: 15
   cols: 1
   dt: d
   data: [ 6.7800778045371313e-01, 9.5884779851212021e-01,
       5.3122690208932000e-03, -2.4520905290133753e-03,
       7.5126828963216112e-03, 9.5884779851212021e-01,
       9.5884779851212021e-01, 7.5126828963216112e-03,
       -3.4677796822973352e-03, -1.1531639323733522e-03,
       -4.9487957527048071e-04, -1.6308200728018881e-03,
       -3.4677796822973352e-03, 7.5126828963216112e-03,
       9.5884779851212021e-01 ]
var_0_0: !!opencv-matrix
   rows: 15
   cols: 15
   dt: d
   data: [ 1.0022886243997380e-01, 5.6358257169974446e-02,
       -2.9097942265534843e-01, -2.3246049166637262e-01,
       -1.7782808643785203e-01, 1.2767908302635014e-01,
       1.6643216893415072e-01, -1.6760333087260176e-01,
       -1.0552184746534238e-01, -1.2060580128756221e-01,
       -2.4011563232883859e-01, -5.7359367666469686e-02,
       -1.7968288320095416e-01, -1.1420738514296121e-01,
       1.4945402543382744e-01, 5.6358257169974446e-02,
       3.2156623175402202e-02, -1.6117126462795098e-01,
       -1.2936170831707677e-01, -9.7810916533155948e-02,
       7.1870264799025280e-02, 9.3449181575047113e-02,
       -9.2117456406583392e-02, -5.8645422413117695e-02,
       -6.7094313809323944e-02, -1.3367967092576119e-01,
       -3.1850761377285534e-02, -9.9940580738566528e-02,
       -6.2384942412260301e-02, 8.3995226179689020e-02,
       -2.9097942265534843e-01, -1.6117126462795098e-01,
       8.6001667661187120e-01, 6.8159548265104219e-01,
       5.3115033984946403e-01, -3.7026872633556185e-01,
       -4.8388451526341464e-01, 5.0117353560465605e-01,
       3.0946778286196092e-01, 3.5386938171640697e-01,
       7.0409925706645538e-01, 1.6855983127507912e-01,
       5.2689213463757445e-01, 3.4462800232621460e-01,
       -4.3410821685691181e-01, -2.3246049166637262e-01,
       -1.2936170831707677e-01, 6.8159548265104219e-01,
       5.4338384814328333e-01, 4.1825660653710306e-01,
       -2.9590334444393201e-01, -3.8639587947215298e-01,
       3.9438072595962492e-01, 2.4720242157805927e-01,
       2.8183221534328196e-01, 5.6074085937924045e-01,
       1.3423003785381754e-01, 4.2037624675421470e-01,
       2.6969557183279325e-01, -3.4675012715522879e-01,
       -1.7782808643785203e-01, -9.7810916533155948e-02,
       5.3115033984946403e-01, 4.1825660653710306e-01,
       3.3059314667960682e-01, -2.2617153742478080e-01,
       -2.9591792789155796e-01, 3.1219100456948035e-01,
       1.8974847466865680e-01, 2.1728464742050899e-01,
       4.3227111598265022e-01, 1.0354827905898482e-01,
       3.2322080170198392e-01, 2.1609092910548505e-01,
       -2.6536128451116203e-01, 1.2767908302635014e-01,
       7.1870264799025280e-02, -3.7026872633556185e-01,
       -2.9590334444393201e-01, -2.2617153742478080e-01,
       1.6265990642264835e-01, 2.1199162319867013e-01,
       -2.1315567729820828e-01, -1.3430817666329437e-01,
       -1.5351785938662535e-01, -3.0565726541138805e-01,
       -7.3002438639376666e-02, -2.2871333498874291e-01,
       -1.4518396330388536e-01, 1.9037886780331228e-01,
       1.6643216893415072e-01, 9.3449181575047113e-02,
       -4.8388451526341464e-01, -3.8639587947215298e-01,
       -2.9591792789155796e-01, 2.1199162319867013e-01,
       2.7640317997469188e-01, -2.7892334776498523e-01,
       -1.7542050507887680e-01, -2.0047720185075193e-01,
       -3.9910349816729423e-01, -9.5362730532229822e-02,
       -2.9868366340432584e-01, -1.9017387377066197e-01,
       2.4818378457933368e-01, -1.6760333087260176e-01,
       -9.2117456406583392e-02, 5.0117353560465605e-01,
       3.9438072595962492e-01, 3.1219100456948035e-01,
       -2.1315567729820828e-01, -2.7892334776498523e-01,
       2.9483862245935327e-01, 1.7890124795314474e-01,
       2.0489472318730295e-01, 4.0761592102099370e-01,
       9.7648658070968189e-02, 3.0475957498647177e-01,
       2.0422062699535820e-01, -2.5010982438458940e-01,
       -1.0552184746534238e-01, -5.8645422413117695e-02,
       3.0946778286196092e-01, 2.4720242157805927e-01,
       1.8974847466865680e-01, -1.3430817666329437e-01,
       -1.7542050507887680e-01, 1.7890124795314474e-01,
       1.1278029032491652e-01, 1.2807403170320497e-01,
       2.5473494537084845e-01, 6.1029374750486837e-02,
       1.9145616310717983e-01, 1.2225461954991518e-01,
       -1.5740875207595867e-01, -1.2060580128756221e-01,
       -6.7094313809323944e-02, 3.5386938171640697e-01,
       2.8183221534328196e-01, 2.1728464742050899e-01,
       -1.5351785938662535e-01, -2.0047720185075193e-01,
       2.0489472318730295e-01, 1.2807403170320497e-01,
       1.4634466533670257e-01, 2.9097752291258250e-01,
       6.9788035756613909e-02, 2.1793922290084139e-01,
       1.4019178552500491e-01, -1.7990380914252707e-01,
       -2.4011563232883859e-01, -1.3367967092576119e-01,
       7.0409925706645538e-01, 5.6074085937924045e-01,
       4.3227111598265022e-01, -3.0565726541138805e-01,
       -3.9910349816729423e-01, 4.0761592102099370e-01,
       2.5473494537084845e-01, 2.9097752291258250e-01,
