1.79769e+308
Number of faces? 
Maximum iterations? 
Showing init...
0.0915236 0.171203 0.306455 0.243285 0.187534 

Showing trans...
0.338077 0.0319233 0.100058 0.249153 0.280788 
0.374052 0.241709 0.0220796 0.298389 0.0637706 
0.124967 0.0014285 0.459764 0.00312153 0.410719 
0.172193 0.0236842 0.150263 0.402281 0.251579 
0.205505 0.211697 0.101234 0.253539 0.228024 

Showing mean...
0.3929 0.9802 0.4022 0.3058 0.3069 0.8167 0.1393 0.8456 0.5011 0.8042 0.6229 0.7373 0.4421 0.4919 0.3784 <>
0.8537 0.5198 0.4324 0.8315 0.437 0.6413 0.3526 0.6091 0.898 0.9956 0.1873 0.6862 0.917 0.6996 0.7281 <>
0.2305 0.0925 0.7084 0.6327 0.0336 0.6505 0.0846 0.1729 0.1313 0.5857 0.6124 0.3895 0.9582 0.0545 0.8814 <>
0.3367 0.5434 0.0364 0.4043 0.375 0.1087 0.6808 0.7276 0.7178 0.5788 0.3584 0.5403 0.2651 0.2754 0.2399 <>
0.9932 0.506 0.9676 0.3368 0.7739 0.0012 0.6226 0.8586 0.8094 0.7539 0.0795 0.057 0.1434 0.0378 0.7467 <>
[1, 0, 0, 0, 0, 0, 0, 0, 0, 0, 0, 0, 0, 0, 0;
  0, 1, 0, 0, 0, 0, 0, 0, 0, 0, 0, 0, 0, 0, 0;
  0, 0, 1, 0, 0, 0, 0, 0, 0, 0, 0, 0, 0, 0, 0;
  0, 0, 0, 1, 0, 0, 0, 0, 0, 0, 0, 0, 0, 0, 0;
  0, 0, 0, 0, 1, 0, 0, 0, 0, 0, 0, 0, 0, 0, 0;
  0, 0, 0, 0, 0, 1, 0, 0, 0, 0, 0, 0, 0, 0, 0;
  0, 0, 0, 0, 0, 0, 1, 0, 0, 0, 0, 0, 0, 0, 0;
  0, 0, 0, 0, 0, 0, 0, 1, 0, 0, 0, 0, 0, 0, 0;
  0, 0, 0, 0, 0, 0, 0, 0, 1, 0, 0, 0, 0, 0, 0;
  0, 0, 0, 0, 0, 0, 0, 0, 0, 1, 0, 0, 0, 0, 0;
  0, 0, 0, 0, 0, 0, 0, 0, 0, 0, 1, 0, 0, 0, 0;
  0, 0, 0, 0, 0, 0, 0, 0, 0, 0, 0, 1, 0, 0, 0;
  0, 0, 0, 0, 0, 0, 0, 0, 0, 0, 0, 0, 1, 0, 0;
  0, 0, 0, 0, 0, 0, 0, 0, 0, 0, 0, 0, 0, 1, 0;
  0, 0, 0, 0, 0, 0, 0, 0, 0, 0, 0, 0, 0, 0, 1]
[1, 0, 0, 0, 0, 0, 0, 0, 0, 0, 0, 0, 0, 0, 0;
  0, 1, 0, 0, 0, 0, 0, 0, 0, 0, 0, 0, 0, 0, 0;
  0, 0, 1, 0, 0, 0, 0, 0, 0, 0, 0, 0, 0, 0, 0;
  0, 0, 0, 1, 0, 0, 0, 0, 0, 0, 0, 0, 0, 0, 0;
  0, 0, 0, 0, 1, 0, 0, 0, 0, 0, 0, 0, 0, 0, 0;
  0, 0, 0, 0, 0, 1, 0, 0, 0, 0, 0, 0, 0, 0, 0;
  0, 0, 0, 0, 0, 0, 1, 0, 0, 0, 0, 0, 0, 0, 0;
  0, 0, 0, 0, 0, 0, 0, 1, 0, 0, 0, 0, 0, 0, 0;
  0, 0, 0, 0, 0, 0, 0, 0, 1, 0, 0, 0, 0, 0, 0;
  0, 0, 0, 0, 0, 0, 0, 0, 0, 1, 0, 0, 0, 0, 0;
  0, 0, 0, 0, 0, 0, 0, 0, 0, 0, 1, 0, 0, 0, 0;
  0, 0, 0, 0, 0, 0, 0, 0, 0, 0, 0, 1, 0, 0, 0;
  0, 0, 0, 0, 0, 0, 0, 0, 0, 0, 0, 0, 1, 0, 0;
  0, 0, 0, 0, 0, 0, 0, 0, 0, 0, 0, 0, 0, 1, 0;
  0, 0, 0, 0, 0, 0, 0, 0, 0, 0, 0, 0, 0, 0, 1]
[1, 0, 0, 0, 0, 0, 0, 0, 0, 0, 0, 0, 0, 0, 0;
  0, 1, 0, 0, 0, 0, 0, 0, 0, 0, 0, 0, 0, 0, 0;
  0, 0, 1, 0, 0, 0, 0, 0, 0, 0, 0, 0, 0, 0, 0;
  0, 0, 0, 1, 0, 0, 0, 0, 0, 0, 0, 0, 0, 0, 0;
  0, 0, 0, 0, 1, 0, 0, 0, 0, 0, 0, 0, 0, 0, 0;
  0, 0, 0, 0, 0, 1, 0, 0, 0, 0, 0, 0, 0, 0, 0;
  0, 0, 0, 0, 0, 0, 1, 0, 0, 0, 0, 0, 0, 0, 0;
  0, 0, 0, 0, 0, 0, 0, 1, 0, 0, 0, 0, 0, 0, 0;
  0, 0, 0, 0, 0, 0, 0, 0, 1, 0, 0, 0, 0, 0, 0;
  0, 0, 0, 0, 0, 0, 0, 0, 0, 1, 0, 0, 0, 0, 0;
  0, 0, 0, 0, 0, 0, 0, 0, 0, 0, 1, 0, 0, 0, 0;
  0, 0, 0, 0, 0, 0, 0, 0, 0, 0, 0, 1, 0, 0, 0;
  0, 0, 0, 0, 0, 0, 0, 0, 0, 0, 0, 0, 1, 0, 0;
  0, 0, 0, 0, 0, 0, 0, 0, 0, 0, 0, 0, 0, 1, 0;
  0, 0, 0, 0, 0, 0, 0, 0, 0, 0, 0, 0, 0, 0, 1]
[1, 0, 0, 0, 0, 0, 0, 0, 0, 0, 0, 0, 0, 0, 0;
  0, 1, 0, 0, 0, 0, 0, 0, 0, 0, 0, 0, 0, 0, 0;
  0, 0, 1, 0, 0, 0, 0, 0, 0, 0, 0, 0, 0, 0, 0;
  0, 0, 0, 1, 0, 0, 0, 0, 0, 0, 0, 0, 0, 0, 0;
  0, 0, 0, 0, 1, 0, 0, 0, 0, 0, 0, 0, 0, 0, 0;
  0, 0, 0, 0, 0, 1, 0, 0, 0, 0, 0, 0, 0, 0, 0;
  0, 0, 0, 0, 0, 0, 1, 0, 0, 0, 0, 0, 0, 0, 0;
  0, 0, 0, 0, 0, 0, 0, 1, 0, 0, 0, 0, 0, 0, 0;
  0, 0, 0, 0, 0, 0, 0, 0, 1, 0, 0, 0, 0, 0, 0;
  0, 0, 0, 0, 0, 0, 0, 0, 0, 1, 0, 0, 0, 0, 0;
  0, 0, 0, 0, 0, 0, 0, 0, 0, 0, 1, 0, 0, 0, 0;
  0, 0, 0, 0, 0, 0, 0, 0, 0, 0, 0, 1, 0, 0, 0;
  0, 0, 0, 0, 0, 0, 0, 0, 0, 0, 0, 0, 1, 0, 0;
  0, 0, 0, 0, 0, 0, 0, 0, 0, 0, 0, 0, 0, 1, 0;
  0, 0, 0, 0, 0, 0, 0, 0, 0, 0, 0, 0, 0, 0, 1]
[1, 0, 0, 0, 0, 0, 0, 0, 0, 0, 0, 0, 0, 0, 0;
  0, 1, 0, 0, 0, 0, 0, 0, 0, 0, 0, 0, 0, 0, 0;
  0, 0, 1, 0, 0, 0, 0, 0, 0, 0, 0, 0, 0, 0, 0;
  0, 0, 0, 1, 0, 0, 0, 0, 0, 0, 0, 0, 0, 0, 0;
  0, 0, 0, 0, 1, 0, 0, 0, 0, 0, 0, 0, 0, 0, 0;
  0, 0, 0, 0, 0, 1, 0, 0, 0, 0, 0, 0, 0, 0, 0;
  0, 0, 0, 0, 0, 0, 1, 0, 0, 0, 0, 0, 0, 0, 0;
  0, 0, 0, 0, 0, 0, 0, 1, 0, 0, 0, 0, 0, 0, 0;
  0, 0, 0, 0, 0, 0, 0, 0, 1, 0, 0, 0, 0, 0, 0;
  0, 0, 0, 0, 0, 0, 0, 0, 0, 1, 0, 0, 0, 0, 0;
  0, 0, 0, 0, 0, 0, 0, 0, 0, 0, 1, 0, 0, 0, 0;
  0, 0, 0, 0, 0, 0, 0, 0, 0, 0, 0, 1, 0, 0, 0;
  0, 0, 0, 0, 0, 0, 0, 0, 0, 0, 0, 0, 1, 0, 0;
  0, 0, 0, 0, 0, 0, 0, 0, 0, 0, 0, 0, 0, 1, 0;
  0, 0, 0, 0, 0, 0, 0, 0, 0, 0, 0, 0, 0, 0, 1]
Beginning training...
Declaring Gaussian matrices...
Declaring some other variables...
Setting up HMM properties...
Initializing HMM Properties for state 0 ...
Initializing HMM Properties for state 1 ...
Initializing HMM Properties for state 2 ...
Initializing HMM Properties for state 3 ...
Initializing HMM Properties for state 4 ...
Processing face 0 ...
Initializing GAMMA:
Processing face 1 ...
Initializing GAMMA:
Processing face 2 ...
Initializing GAMMA:
Processing face 3 ...
Initializing GAMMA:
Processing face 4 ...
Initializing GAMMA:
Processing face 5 ...
Initializing GAMMA:
Processing face 6 ...
Initializing GAMMA:
Processing face 7 ...
Initializing GAMMA:
Processing face 8 ...
Initializing GAMMA:
Processing face 9 ...
Initializing GAMMA:
Showing init...
0.11183 0.0503073 0.20483 0.508977 0.124056 

Showing trans...
0.372135 0.00939645 0.0789962 0.517046 0.164325 
0.808604 0.139409 0.0336059 1.20679 0.0735165 
0.18763 0.000568293 0.48639 0.00878072 0.328221 
0.133591 0.00489596 0.083044 0.587018 0.103785 
0.323733 0.0890629 0.113813 0.751575 0.191159 

Showing mean...
0.681124 0.963255 0.0028636 0.00178304 0.00404975 0.963255 0.963255 0.00404975 0.0025216 0.000457784 0.00112351 0.000647404 0.0025216 0.00404975 0.963255 <>
0.68297 0.965865 0.00497263 0.00338715 0.00703236 0.965865 0.965865 0.00703236 0.00479016 0.000679786 0.00110477 0.000961363 0.00479016 0.00703236 0.965865 <>
0.678912 0.960126 -0.00243197 0.00190797 -0.00343932 0.960126 0.960126 -0.00343932 0.00269828 -0.000164564 0.00101443 -0.000232728 0.00269828 -0.00343932 0.960126 <>
0.679091 0.960379 -0.00118087 0.00160508 -0.00167 0.960379 0.960379 -0.00167 0.00226993 4.14324e-08 0.00103254 5.85943e-08 0.00226993 -0.00167 0.960379 <>
0.682024 0.964528 0.00534376 0.00161861 0.00755722 0.964528 0.964528 0.00755722 0.00228907 0.000402233 0.00104371 0.000568844 0.00228907 0.00755722 0.964528 <>
[0.0837878136434053, -0.003873367761325383, -0.1140408975894436, -0.0873449680595377, -0.08579317963260487, 0.04325131332733682, 0.2384944874524729, -0.2410596365283989, -0.1433062821780588, -0.2315219447970137, -0.179195672165467, -0.2121286947904928, -0.1263010455772571, -0.1391146842283388, 0.1695800455668513;
  -0.003873367761325383, 0.001716199502954146, 0.008262276134172138, 0.005547630876459393, 0.007246860012031403, -0.001054260213633271, -0.012532605241256, 0.01637497407518516, 0.009008509298717514, 0.01381169708652785, 0.01055767441020929, 0.01275462752700398, 0.008008771541661503, 0.01038163094517314, -0.008481125619017154;
  -0.1140408975894436, 0.008262276134172138, 0.1621220260789555, 0.1215044606409156, 0.1246902856008151, -0.05702922474861757, -0.3275396999657538, 0.33981280257671, 0.1992411077749141, 0.321196587895024, 0.2483176587823418, 0.2945018003092035, 0.1756802603615524, 0.1985675190155926, -0.2320583674821145;
  -0.0873449680595377, 0.005547630876459393, 0.1215044606409156, 0.093100730788092, 0.09221221946390171, -0.04415914188394317, -0.2501002297609872, 0.2559861551582681, 0.1525300618460122, 0.2443522658111978, 0.1890333081214562, 0.2239562983706666, 0.1345930612780382, 0.1484553568380574, -0.1774097749168757;
  -0.08579317963260487, 0.007246860012031403, 0.1246902856008151, 0.09221221946390171, 0.09702321256785554, -0.04226915644651875, -0.2474199182142365, 0.2601686441655372, 0.1511934420275852, 0.243743140971946, 0.1883329925290587, 0.2235615601509381, 0.1333252770670075, 0.1530505094781416, -0.1750084225858615;
  0.04325131332733682, -0.001054260213633271, -0.05702922474861757, -0.04415914188394317, -0.04226915644651875, 0.02290753006977932, 0.1221840850421566, -0.121218492383365, -0.07250905892524266, -0.1176001552209908, -0.09110278212352703, -0.1076880718511766, -0.06386229668229867, -0.06938188551337697, 0.08714271466439544;
  0.2384944874524729, -0.012532605241256, -0.3275396999657538, -0.2501002297609872, -0.2474199182142365, 0.1221840850421566, 0.6803314000145338, -0.6912846341510829, -0.4102460663558885, -0.6620551323042514, -0.5122941781844014, -0.6066965401005923, -0.3616327041129445, -0.3998516472810947, 0.483323689636773;
  -0.2410596365283989, 0.01637497407518516, 0.33981280257671, 0.2559861551582681, 0.2601686441655372, -0.121218492383365, -0.6912846341510829, 0.7135117657632188, 0.4197776255275687, 0.6767190727032015, 0.5232839890717114, 0.6203963133926864, 0.3701261605669911, 0.4158554410758232, -0.4900699685227077;
  -0.1433062821780588, 0.009008509298717514, 0.1992411077749141, 0.1525300618460122, 0.1511934420275852, -0.07250905892524266, -0.4102460663558885, 0.4197776255275687, 0.2499292589983761, 0.4007299237585195, 0.3100081604030176, 0.3672810750219195, 0.2205131334619014, 0.2434304458283965, -0.2910359711733266;
  -0.2315219447970137, 0.01381169708652785, 0.321196587895024, 0.2443522658111978, 0.243743140971946, -0.1176001552209908, -0.6620551323042514, 0.6767190727032015, 0.4007299237585195, 0.6462115441797925, 0.4997739506648918, 0.5923757666048891, 0.3533091330175799, 0.3924354509223492, -0.4698803684710546;
  -0.179195672165467, 0.01055767441020929, 0.2483176587823418, 0.1890333081214562, 0.1883329925290587, -0.09110278212352703, -0.5122941781844014, 0.5232839890717114, 0.3100081604030176, 0.4997739506648918, 0.3866587768124666, 0.4580699443367464, 0.2733233473419139, 0.3033616436528584, -0.3636274188130477;
  -0.2121286947904928, 0.01275462752700398, 0.2945018003092035, 0.2239562983706666, 0.2235615601509381, -0.1076880718511766, -0.6066965401005923, 0.6203963133926864, 0.3672810750219195, 0.5923757666048891, 0.4580699443367464, 0.5430770355475916, 0.3238185718823928, 0.3598422903342004, -0.4305629044961706;
  -0.1263010455772571, 0.008008771541661503, 0.1756802603615524, 0.1345930612780382, 0.1333252770670075, -0.06386229668229867, -0.3616327041129445, 0.3701261605669911, 0.2205131334619014, 0.3533091330175799, 0.2733233473419139, 0.3238185718823928, 0.1945780079254263, 0.2146472808678185, -0.2565295089303826;
  -0.1391146842283388, 0.01038163094517314, 0.1985675190155926, 0.1484553568380574, 0.1530505094781416, -0.06938188551337697, -0.3998516472810947, 0.4158554410758232, 0.2434304458283965, 0.3924354509223492, 0.3033616436528584, 0.3598422903342004, 0.2146472808678185, 0.2433028063884278, -0.28320665165272;
  0.1695800455668513, -0.008481125619017154, -0.2320583674821145, -0.1774097749168757, -0.1750084225858615, 0.08714271466439544, 0.483323689636773, -0.4900699685227077, -0.2910359711733266, -0.4698803684710546, -0.3636274188130477, -0.4305629044961706, -0.2565295089303826, -0.28320665165272, 0.3434847892590113]
[0.02981681893122549, -0.07521222810416517, 0.07395472369165747, 0.1416446191641933, 0.07479429914055497, -0.05446848142600157, -0.1037583552201238, 0.1041770053406535, 0.1528665845802235, 0.1699996669741789, 0.03180551039616503, 0.1171841463256982, 0.1561104626615825, 0.119628108833442, -0.03964908050695132;
  -0.07521222810416517, 0.2003097187765819, -0.1892745782853718, -0.3690235335252208, -0.1898337103102512, 0.1461128413022267, 0.2748917592186576, -0.2666014684447084, -0.3979083816527708, -0.4436058588824446, -0.08303206256758699, -0.3053878284053275, -0.4063836135211883, -0.3069703360284874, 0.1073944136086131;
  0.07395472369165747, -0.1892745782853718, 0.1852342701837863, 0.3540279743910251, 0.1873722002200042, -0.1373421528034272, -0.2607404345864507, 0.26093245063517, 0.3818811562919807, 0.4254796675970885, 0.07960069820529973, 0.2932058777480359, 0.3900022763261944, 0.2996146276402397, -0.1002414570681782;
  0.1416446191641933, -0.3690235335252208, 0.3540279743910251, 0.6864351622330291, 0.3561605481251596, -0.2684078224007386, -0.507484001838088, 0.4986787693969561, 0.7406179715028389, 0.8239032189902572, 0.1541931472300292, 0.5674506863616534, 0.7563521156293014, 0.5736229822098422, -0.1965276271282694;
  0.07479429914055497, -0.1898337103102512, 0.1873722002200042, 0.3561605481251596, 0.1899523977785709, -0.1375926421077258, -0.2617242996391588, 0.2639498285411604, 0.3841910829587699, 0.4280996249354539, 0.08008021319753765, 0.2950775133690648, 0.3923604681097819, 0.3028618999183504, -0.1002714509967858;
  -0.05446848142600157, 0.1461128413022267, -0.1373421528034272, -0.2684078224007386, -0.1375926421077258, 0.1066782138278713, 0.2003800817443023, -0.1934502502421829, -0.2893833855119721, -0.3227230528972171, -0.06040934258879546, -0.2221313339811897, -0.2955501173803899, -0.222823367825962, 0.07850598613425774;
  -0.1037583552201238, 0.2748917592186576, -0.2607404345864507, -0.507484001838088, -0.2617242996391588, 0.2003800817443023, 0.3774296396607333, -0.3672671777736157, -0.547253067700026, -0.60995651864154, -0.1141639043820226, -0.4199597285511373, -0.5589050995684437, -0.4227676453573952, 0.1471486940506889;
  0.1041770053406535, -0.2666014684447084, 0.26093245063517, 0.4986787693969561, 0.2639498285411604, -0.1934502502421829, -0.3672671777736157, 0.3675656693037501, 0.5379124972454483, 0.5993253937425135, 0.1121244116201715, 0.4130070828373295, 0.5493517823964604, 0.4220527906809399, -0.141190779131243;
  0.1528665845802235, -0.3979083816527708, 0.3818811562919807, 0.7406179715028389, 0.3841910829587699, -0.2893833855119721, -0.547253067700026, 0.5379124972454483, 0.7991523707117151, 0.8886682961988808, 0.1663149277172316, 0.6120559095870176, 0.8161233577625392, 0.6187479881980597, -0.2118527709850476;
  0.1699996669741789, -0.4436058588824446, 0.4254796675970885, 0.8239032189902572, 0.4280996249354539, -0.3227230528972171, -0.60995651864154, 0.5993253937425135, 0.8886682961988808, 0.9900785882765905, 0.1852781943246322, 0.6820580886830369, 0.9075717802624155, 0.6893656730977653, -0.2363639783332852;
  0.03180551039616503, -0.08303206256758699, 0.07960069820529973, 0.1541931472300292, 0.08008021319753765, -0.06040934258879546, -0.1141639043820226, 0.1121244116201715, 0.1663149277172316, 0.1852781943246322, 0.03472111912518215, 0.1276288925121711, 0.1698526370143267, 0.1289750795879134, -0.04424759695785637;
  0.1171841463256982, -0.3053878284053275, 0.2932058777480359, 0.5674506863616534, 0.2950775133690648, -0.2221313339811897, -0.4199597285511373, 0.4130070828373295, 0.6120559095870176, 0.6820580886830369, 0.1276288925121711, 0.4699767025788318, 0.625075443694496, 0.4750211795071607, -0.1626526202691308;
  0.1561104626615825, -0.4063836135211883, 0.3900022763261944, 0.7563521156293014, 0.3923604681097819, -0.2955501173803899, -0.5589050995684437, 0.5493517823964604, 0.8161233577625392, 0.9075717802624155, 0.1698526370143267, 0.625075443694496, 0.8334553448133643, 0.6319067733490721, -0.2163703028534655;
  0.119628108833442, -0.3069703360284874, 0.2996146276402397, 0.5736229822098422, 0.3028618999183504, -0.222823367825962, -0.4227676453573952, 0.4220527906809399, 0.6187479881980597, 0.6893656730977653, 0.1289750795879134, 0.4750211795071607, 0.6319067733490721, 0.4847301620581297, -0.162708496715022;
  -0.03964908050695132, 0.1073944136086131, -0.1002414570681782, -0.1965276271282694, -0.1002714509967858, 0.07850598613425774, 0.1471486940506889, -0.141190779131243, -0.2118527709850476, -0.2363639783332852, -0.04424759695785637, -0.1626526202691308, -0.2163703028534655, -0.162708496715022, 0.05786799844064428]
[0.201852645982213, 0.3901562685494291, -0.3176108856737211, -0.2825694564263124, -0.01500426348477581, 0.1399424263465156, 0.3936987225877855, -0.07746804165478628, -0.05726321178468327, -0.2625752698038152, -0.2741365904913588, -0.1745721745938546, -0.4280550148628001, -0.02437607226979532, 0.0364041178077115;
  0.3901562685494291, 0.7543344290570433, -0.6151319873303849, -0.5468884992746621, -0.02986703399778131, 0.2701988857413363, 0.761188677788574, -0.1507273945423654, -0.111007854333382, -0.5081229550449745, -0.5304316809548016, -0.3378756634922033, -0.8284481424476439, -0.04800042621157747, 0.06986394496786572;
  -0.3176108856737211, -0.6151319873303849, 0.5079353998538809, 0.4485023691382727, 0.03008108583608056, -0.2184877492958197, -0.6207475598760355, 0.1290999789511611, 0.09157717445392036, 0.4166727366105407, 0.4346085645279903, 0.2773476963783323, 0.6793641286309491, 0.04493747396318165, -0.05435664792990377;
  -0.2825694564263124, -0.5468884992746621, 0.4485023691382727, 0.3985730122411343, 0.02352707163204611, -0.1949065488080229, -0.5518717562794764, 0.1113964008435207, 0.08207472898476341, 0.3695516689006618, 0.3856630922071951, 0.2458303607191978, 0.603676655222871, 0.03671062497389693, -0.04925667002173811;
  -0.01500426348477581, -0.02986703399778131, 0.03008108583608056, 0.02352707163204611, 0.0066785381671081, -0.009199092404643222, -0.03015964464040818, 0.01183811570102232, 0.004993784542343092, 0.02201324043865366, 0.02266815119526815, 0.01487838787082614, 0.03562159978135004, 0.007452659993804484, -0.000646712989131418;
  0.1399424263465156, 0.2701988857413363, -0.2184877492958197, -0.1949065488080229, -0.009199092404643222, 0.0974273424256298, 0.272644934472867, -0.05233005294922738, -0.03924809614263525, -0.1812105285232516, -0.1892785301532747, -0.1204048011797974, -0.2952781842568968, -0.01567028461843941, 0.02593460165215899;
  0.3936987225877855, 0.761188677788574, -0.6207475598760355, -0.5518717562794764, -0.03015964464040818, 0.272644934472867, 0.7681053365201045, -0.1521204751849924, -0.112023807899165, -0.5127512850978807, -0.5352616269966155, -0.3409545520446551, -0.835996606013426, -0.04845814685420436, 0.07048588369939636;
  -0.07746804165478628, -0.1507273945423654, 0.1290999789511611, 0.1113964008435207, 0.01183811570102232, -0.05233005294922738, -0.1521204751849924, 0.03640218323493657, 0.02290800374659223, 0.1036241741563526, 0.1078341617806674, 0.0691681569032959, 0.1687229889855991, 0.0155236075277187, -0.01161330353371554;
  -0.05726321178468327, -0.111007854333382, 0.09157717445392036, 0.08207472898476341, 0.004993784542343092, -0.03924809614263525, -0.112023807899165, 0.02290800374659223, 0.017887266202555, 0.07533325248050136, 0.07863364482287909, 0.05010624582947005, 0.124228026145079, 0.0076815604315664, -0.009553959643991144;
  -0.2625752698038152, -0.5081229550449745, 0.4166727366105407, 0.3695516689006618, 0.02201324043865366, -0.1812105285232516, -0.5127512850978807, 0.1036241741563526, 0.07533325248050136, 0.3434467164565471, 0.3582097143645371, 0.2286267727727802, 0.5597846601701294, 0.03425780981912679, -0.04593440077438816;
  -0.2741365904913588, -0.5304316809548016, 0.4346085645279903, 0.3856630922071951, 0.02266815119526815, -0.1892785301532747, -0.5352616269966155, 0.1078341617806674, 0.07863364482287909, 0.3582097143645371, 0.3738438826327188, 0.2383060602658359, 0.5841883767185473, 0.03544610971095258, -0.04810960090583255;
  -0.1745721745938546, -0.3378756634922033, 0.2773476963783323, 0.2458303607191978, 0.01487838787082614, -0.1204048011797974, -0.3409545520446551, 0.0691681569032959, 0.05010624582947005, 0.2286267727727802, 0.2383060602658359, 0.1523104584082046, 0.3723762387436788, 0.0230238018893374, -0.03041551424801511;
  -0.4280550148628001, -0.8284481424476439, 0.6793641286309491, 0.603676655222871, 0.03562159978135004, -0.2952781842568968, -0.835996606013426, 0.1687229889855991, 0.124228026145079, 0.5597846601701294, 0.5841883767185473, 0.3723762387436788, 0.9143323960876029, 0.05559158567057339, -0.0746528377582526;
  -0.02437607226979532, -0.04800042621157747, 0.04493747396318165, 0.03671062497389693, 0.007452659993804484, -0.01567028461843941, -0.04845814685420436, 0.0155236075277187, 0.0076815604315664, 0.03425780981912679, 0.03544610971095258, 0.0230238018893374, 0.05559158567057339, 0.008663591820500884, -0.002292095202927601;
  0.0364041178077115, 0.06986394496786572, -0.05435664792990377, -0.04925667002173811, -0.000646712989131418, 0.02593460165215899, 0.07048588369939636, -0.01161330353371554, -0.009553959643991144, -0.04593440077438816, -0.04810960090583255, -0.03041551424801511, -0.0746528377582526, -0.002292095202927601, 0.007756670878688262]
[0.118002141598209, 0.1438598221724749, -0.01173470648558155, -0.1375855082590051, -0.1273665678324948, 0.2926971243273807, 0.09681531948997189, -0.2480935812666328, -0.2445758110307277, -0.1980422235875344, -0.122344186580591, -0.1848048369857275, -0.08957547358990453, -0.09326443925041841, 0.2477754449100273;
  0.1438598221724749, 0.1754131902264037, -0.01406865805500822, -0.1675003833639328, -0.1547983864478637, 0.3566741741151528, 0.1181202084313402, -0.3018253542858506, -0.2977742700280815, -0.2411587921995469, -0.1489934594761602, -0.2250268219923977, -0.1090076553364858, -0.1132672293387784, 0.3019664651521807;
  -0.01173470648558155, -0.01406865805500822, 0.004097709787916641, 0.0152537399300115, 0.01795329737348844, -0.03040506070498994, -0.008905047003461192, 0.03120431088713825, 0.02706010972203215, 0.02198388015428557, 0.01344909226098092, 0.02063314526205974, 0.01004725147577789, 0.01421024307411373, -0.02547445102549235;
  -0.1375855082590051, -0.1675003833639328, 0.0152537399300115, 0.1628553517687008, 0.1518529637251476, -0.3425518646999109, -0.1121701014785787, 0.2938431922024097, 0.2891191782222262, 0.2330745860027624, 0.1439133569364842, 0.2175686639644106, 0.1068191883423153, 0.1117445497820525, -0.2897182913130227;
  -0.1273665678324948, -0.1547983864478637, 0.01795329737348844, 0.1518529637251476, 0.1472510634411905, -0.3185368343013412, -0.1030439288102567, 0.2800649045112069, 0.2697589425489421, 0.2183447841830322, 0.1346363467130922, 0.2039789299133317, 0.09924043474293963, 0.1097347317038858, -0.2691177306473816;
  0.2926971243273807, 0.3566741741151528, -0.03040506070498994, -0.3425518646999109, -0.3185368343013412, 0.726899248003902, 0.2396534123200894, -0.6188390221393281, -0.6088151926885657, -0.4927631341888721, -0.3043410927419901, -0.4598952065214572, -0.2232598879969696, -0.2337095571922559, 0.6151588990409301;
  0.09681531948997189, 0.1181202084313402, -0.008905047003461192, -0.1121701014785787, -0.1030439288102567, 0.2396534123200894, 0.07970598663627679, -0.2016236566482434, -0.199460438020834, -0.1616316778923619, -0.0998911709766778, -0.1507896100432539, -0.07289480332923835, -0.07519781170117137, 0.2029725833571174;
  -0.2480935812666328, -0.3018253542858506, 0.03120431088713825, 0.2938431922024097, 0.2800649045112069, -0.6188390221393281, -0.2016236566482434, 0.5372055055812234, 0.522054846229841, 0.4224296495739598, 0.2606441118143838, 0.394488689252983, 0.1919143184238383, 0.2074296127739022, -0.5231587984853685;
  -0.2445758110307277, -0.2977742700280815, 0.02706010972203215, 0.2891191782222262, 0.2697589425489421, -0.6088151926885657, -0.199460438020834, 0.522054846229841, 0.5133675929159309, 0.4141413992758848, 0.2557118261575314, 0.386590423441737, 0.1894471289444541, 0.19849214729478, -0.514937647132882;
  -0.1980422235875344, -0.2411587921995469, 0.02198388015428557, 0.2330745860027624, 0.2183447841830322, -0.4927631341888721, -0.1616316778923619, 0.4224296495739598, 0.4141413992758848, 0.3352192420137459, 0.2068664464480562, 0.3130223563816928, 0.1521186580323435, 0.1606963083097019, -0.4168245796248061;
  -0.122344186580591, -0.1489934594761602, 0.01344909226098092, 0.1439133569364842, 0.1346363467130922, -0.3043410927419901, -0.0998911709766778, 0.2606441118143838, 0.2557118261575314, 0.2068664464480562, 0.1277646516836283, 0.1931169794808411, 0.0939315786777956, 0.09904254806281231, -0.2574544824717417;
  -0.1848048369857275, -0.2250268219923977, 0.02063314526205974, 0.2175686639644106, 0.2039789299133317, -0.4598952065214572, -0.1507896100432539, 0.394488689252983, 0.386590423441737, 0.3130223563816928, 0.1931169794808411, 0.292343726634844, 0.141996639967375, 0.1501650557493238, -0.3890078542090286;
  -0.08957547358990453, -0.1090076553364858, 0.01004725147577789, 0.1068191883423153, 0.09924043474293963, -0.2232598879969696, -0.07289480332923835, 0.1919143184238383, 0.1894471289444541, 0.1521186580323435, 0.0939315786777956, 0.141996639967375, 0.07046395497297706, 0.07306255948877775, -0.1887765824412865;
  -0.09326443925041841, -0.1132672293387784, 0.01421024307411373, 0.1117445497820525, 0.1097347317038858, -0.2337095571922559, -0.07519781170117137, 0.2074296127739022, 0.19849214729478, 0.1606963083097019, 0.09904254806281231, 0.1501650557493238, 0.07306255948877775, 0.08213855996658111, -0.1973579735382962;
  0.2477754449100273, 0.3019664651521807, -0.02547445102549235, -0.2897182913130227, -0.2691177306473816, 0.6151588990409301, 0.2029725833571174, -0.5231587984853685, -0.514937647132882, -0.4168245796248061, -0.2574544824717417, -0.3890078542090286, -0.1887765824412865, -0.1973579735382962, 0.5206319900779579]
[0.09750488701309365, -0.1417287450409754, 0.300433994959957, 0.1045659895614119, 0.2398860705152038, -0.2988102137502413, -0.1054456641148653, 0.2662426481690762, 0.2515290320044835, 0.2346042383746212, 0.02442729245060846, 0.01774961977327588, 0.04428604832704461, 0.01082967369093544, -0.06682876580500012;
  -0.1417287450409754, 0.2115972060729361, -0.439802649425963, -0.1533143176275076, -0.3493831156568362, 0.4430621828700015, 0.1581328314799529, -0.3882204443706067, -0.3695516237713445, -0.3453102693843936, -0.03595517594178347, -0.02560710977209302, -0.06417191983543774, -0.01186059303338131, 0.101229496257061;
  0.300433994959957, -0.439802649425963, 0.9285800493109261, 0.3225988432218129, 0.7411558621380243, -0.9255495969403034, -0.3276035724050199, 0.822658965257011, 0.7767443524486553, 0.7252899537610141, 0.07551289242091018, 0.05462937128261084, 0.1358816998247433, 0.03283904742862238, -0.2081875736202939;
  0.1045659895614119, -0.1533143176275076, 0.3225988432218129, 0.1130121682413169, 0.2569606569021484, -0.3225138815214025, -0.1142321679642186, 0.2853505203368015, 0.2714698717674313, 0.2525558722078179, 0.02629848982552825, 0.01891106135956513, 0.04823906837334618, 0.01023363831598324, -0.07263615790234788;
  0.2398860705152038, -0.3493831156568362, 0.7411558621380243, 0.2569606569021484, 0.5925672236325573, -0.7362329486306738, -0.2600275480563021, 0.6574764567008702, 0.6186605620977339, 0.5777657089970789, 0.06014963507626981, 0.04370966788276045, 0.1082762737447704, 0.02846230673073059, -0.1649244096409826;
  -0.2988102137502413, 0.4430621828700015, -0.9255495969403034, -0.3225138815214025, -0.7362329486306738, 0.9293501996670671, 0.3307381282770185, -0.8178268373444448, -0.7769812236606003, -0.7256759420837816, -0.0755599136289945, -0.05409355752576391, -0.135404719724693, -0.02712714600721897, 0.2111891130541265;
  -0.1054456641148653, 0.1581328314799529, -0.3276035724050199, -0.1142321679642186, -0.2600275480563021, 0.3307381282770185, 0.1182640168869699, -0.2889888567700726, -0.2754424887731525, -0.2574524297711834, -0.02680717195143319, -0.01902723693517144, -0.04771838483724612, -0.008334285432847505, 0.07583074166407801;
  0.2662426481690762, -0.3882204443706067, 0.822658965257011, 0.2853505203368015, 0.6574764567008702, -0.8178268373444448, -0.2889888567700726, 0.7295597797691823, 0.6870228582756658, 0.6415869698481845, 0.06679488325793934, 0.04848938683033557, 0.1202283699227021, 0.03102386979904288, -0.1833744483547533;
  0.2515290320044835, -0.3695516237713445, 0.7767443524486553, 0.2714698717674313, 0.6186605620977339, -0.7769812236606003, -0.2754424887731525, 0.6870228582756658, 0.6527592738813487, 0.6081526750798623, 0.06332491360534755, 0.04554109542194773, 0.1152233913016258, 0.02454620298822326, -0.1752800217639279;
  0.2346042383746212, -0.3453102693843936, 0.7252899537610141, 0.2525558722078179, 0.5777657089970789, -0.7256759420837816, -0.2574524297711834, 0.6415869698481845, 0.6081526750798623, 0.5679664523359207, 0.05914262280922246, 0.04281429539870879, 0.1063231623663271, 0.0231160028282601, -0.1639433569066942;
  0.02442729245060846, -0.03595517594178347, 0.07551289242091018, 0.02629848982552825, 0.06014963507626981, -0.0755599136289945, -0.02680717195143319, 0.06679488325793934, 0.06332491360534755, 0.05914262280922246, 0.006207118593567527, 0.004464120401638053, 0.01107302117332974, 0.002397956368749789, -0.01707074574901065;
  0.01774961977327588, -0.02560710977209302, 0.05462937128261084, 0.01891106135956513, 0.04370966788276045, -0.05409355752576391, -0.01902723693517144, 0.04848938683033557, 0.04554109542194773, 0.04281429539870879, 0.004464120401638053, 0.00359961082803175, 0.007957945255654542, 0.002170693652417488, -0.01202413042520599;
  0.04428604832704461, -0.06417191983543774, 0.1358816998247433, 0.04823906837334618, 0.1082762737447704, -0.135404719724693, -0.04771838483724612, 0.1202283699227021, 0.1152233913016258, 0.1063231623663271, 0.01107302117332974, 0.007957945255654542, 0.0212435087219029, 0.00440451463525995, -0.03020651782802146;
  0.01082967369093544, -0.01186059303338131, 0.03283904742862238, 0.01023363831598324, 0.02846230673073059, -0.02712714600721897, -0.008334285432847505, 0.03102386979904288, 0.02454620298822326, 0.0231160028282601, 0.002397956368749789, 0.002170693652417488, 0.00440451463525995, 0.006200599828904309, -0.004581157017528057;
  -0.06682876580500012, 0.101229496257061, -0.2081875736202939, -0.07263615790234788, -0.1649244096409826, 0.2111891130541265, 0.07583074166407801, -0.1833744483547533, -0.1752800217639279, -0.1639433569066942, -0.01707074574901065, -0.01202413042520599, -0.03020651782802146, -0.004581157017528057, 0.04879827644118609]
Processing face 0 ...
Initializing GAMMA:
Processing face 1 ...
Initializing GAMMA:
Processing face 2 ...
Initializing GAMMA:
Processing face 3 ...
Initializing GAMMA:
Processing face 4 ...
Initializing GAMMA:
Processing face 5 ...
Initializing GAMMA:
Processing face 6 ...
Initializing GAMMA:
Processing face 7 ...
Initializing GAMMA:
Processing face 8 ...
Initializing GAMMA:
Processing face 9 ...
Initializing GAMMA:
Showing init...
0.0944404 0.0249996 0.0722595 0.738972 0.0693281 

Showing trans...
0.35273 0.00747092 0.0587732 0.624137 0.135441 
0.763837 0.119645 0.0278399 1.31764 0.0642953 
0.217374 0.000564361 0.455725 0.0126425 0.336268 
0.112832 0.00324339 0.0499412 0.677322 0.0723571 
0.317566 0.0756768 0.0916908 0.904756 0.167209 

Showing mean...
0.680332 0.962135 0.000500515 0.00176436 0.000707834 0.962135 0.962135 0.000707834 0.00249518 6.35924e-05 0.000939774 8.99332e-05 0.00249518 0.000707834 0.962135 <>
0.680251 0.96202 0.000396396 0.00177291 0.000560588 0.96202 0.96202 0.000560588 0.00250727 5.68051e-05 0.000936592 8.03346e-05 0.00250727 0.000560588 0.96202 <>
0.681129 0.963262 0.00199675 0.00147514 0.00282383 0.963262 0.963262 0.00282383 0.00208617 0.000209671 0.000961912 0.00029652 0.00208617 0.00282383 0.963262 <>
0.680257 0.962029 0.000500464 0.00179497 0.000707763 0.962029 0.962029 0.000707763 0.00253848 7.92137e-05 0.000938548 0.000112025 0.00253848 0.000707763 0.962029 <>
0.680376 0.962197 0.000608834 0.00171272 0.000861021 0.962197 0.962197 0.000861021 0.00242215 7.79009e-05 0.000940135 0.000110168 0.00242215 0.000861021 0.962197 <>
[0.0007396630159795988, 0.001046041468784136, 0.001069054179362689, 0.0003210502697322089, 0.001511870919366355, 0.001046041468784136, 0.001046041468784136, 0.001511870919366355, 0.0004540336456588307, 0.0001266772771303063, 2.171540216256511e-05, 0.0001791487233621745, 0.0004540336456588307, 0.001511870919366355, 0.001046041468784136;
  0.001046041468784136, 0.001479326031959196, 0.001511870919366355, 0.0004540336456588304, 0.002138108358725379, 0.001479326031959196, 0.001479326031959196, 0.002138108358725379, 0.0006421005394644178, 0.0001791487233621739, 3.071021625068549e-05, 0.0002533545542606123, 0.0006421005394644178, 0.002138108358725379, 0.001479326031959196;
  0.001069054179362689, 0.001511870919366355, 0.00258759834717253, 0.0001571720735744227, 0.003659416676545599, 0.001511870919366355, 0.001511870919366355, 0.003659416676545599, 0.0002222748780752505, 0.0001973603188350192, 2.41983639744631e-05, 0.0002791096395707623, 0.0002222748780752505, 0.003659416676545599, 0.001511870919366355;
  0.0003210502697322089, 0.0004540336456588304, 0.0001571720735744227, 0.0007416915212516733, 0.0002222748780752506, 0.0004540336456588304, 0.0004540336456588304, 0.0002222748780752506, 0.00104891020845125, 1.347283472694347e-06, 4.13824445227375e-06, 1.905346559445489e-06, 0.00104891020845125, 0.0002222748780752506, 0.0004540336456588304;
  0.001511870919366355, 0.002138108358725379, 0.003659416676545599, 0.0002222748780752506, 0.005175196694345061, 0.002138108358725379, 0.002138108358725379, 0.005175196694345061, 0.0003143441471488456, 0.0002791096395707624, 3.422165451992622e-05, 0.0003947206376700382, 0.0003143441471488456, 0.005175196694345061, 0.002138108358725379;
  0.001046041468784136, 0.001479326031959196, 0.001511870919366355, 0.0004540336456588304, 0.002138108358725379, 0.001479326031959196, 0.001479326031959196, 0.002138108358725379, 0.0006421005394644178, 0.0001791487233621739, 3.071021625068549e-05, 0.0002533545542606123, 0.0006421005394644178, 0.002138108358725379, 0.001479326031959196;
  0.001046041468784136, 0.001479326031959196, 0.001511870919366355, 0.0004540336456588304, 0.002138108358725379, 0.001479326031959196, 0.001479326031959196, 0.002138108358725379, 0.0006421005394644178, 0.0001791487233621739, 3.071021625068549e-05, 0.0002533545542606123, 0.0006421005394644178, 0.002138108358725379, 0.001479326031959196;
  0.001511870919366355, 0.002138108358725379, 0.003659416676545599, 0.0002222748780752506, 0.005175196694345061, 0.002138108358725379, 0.002138108358725379, 0.005175196694345061, 0.0003143441471488456, 0.0002791096395707624, 3.422165451992622e-05, 0.0003947206376700382, 0.0003143441471488456, 0.005175196694345061, 0.002138108358725379;
  0.0004540336456588307, 0.0006421005394644178, 0.0002222748780752505, 0.00104891020845125, 0.0003143441471488456, 0.0006421005394644178, 0.0006421005394644178, 0.0003143441471488456, 0.001483383042503346, 1.905346559445472e-06, 5.852361428820756e-06, 2.694566945388699e-06, 0.001483383042503346, 0.0003143441471488456, 0.0006421005394644178;
  0.0001266772771303063, 0.0001791487233621739, 0.0001973603188350192, 1.347283472694347e-06, 0.0002791096395707624, 0.0001791487233621739, 0.0001791487233621739, 0.0002791096395707624, 1.905346559445472e-06, 0.0002145283517718446, 2.80887675167064e-05, 0.0003033889045892891, 1.905346559445472e-06, 0.0002791096395707624, 0.0001791487233621739;
  2.171540216256511e-05, 3.071021625068549e-05, 2.41983639744631e-05, 4.13824445227375e-06, 3.422165451992622e-05, 3.071021625068549e-05, 3.071021625068549e-05, 3.422165451992622e-05, 5.852361428820756e-06, 2.80887675167064e-05, 5.445497178363407e-05, 3.972351597247101e-05, 5.852361428820756e-06, 3.422165451992622e-05, 3.071021625068549e-05;
  0.0001791487233621745, 0.0002533545542606123, 0.0002791096395707623, 1.905346559445489e-06, 0.0003947206376700382, 0.0002533545542606123, 0.0002533545542606123, 0.0003947206376700382, 2.694566945388699e-06, 0.0003033889045892891, 3.972351597247101e-05, 0.0004290567035436892, 2.694566945388699e-06, 0.0003947206376700382, 0.0002533545542606123;
  0.0004540336456588307, 0.0006421005394644178, 0.0002222748780752505, 0.00104891020845125, 0.0003143441471488456, 0.0006421005394644178, 0.0006421005394644178, 0.0003143441471488456, 0.001483383042503346, 1.905346559445472e-06, 5.852361428820756e-06, 2.694566945388699e-06, 0.001483383042503346, 0.0003143441471488456, 0.0006421005394644178;
  0.001511870919366355, 0.002138108358725379, 0.003659416676545599, 0.0002222748780752506, 0.005175196694345061, 0.002138108358725379, 0.002138108358725379, 0.005175196694345061, 0.0003143441471488456, 0.0002791096395707624, 3.422165451992622e-05, 0.0003947206376700382, 0.0003143441471488456, 0.005175196694345061, 0.002138108358725379;
  0.001046041468784136, 0.001479326031959196, 0.001511870919366355, 0.0004540336456588304, 0.002138108358725379, 0.001479326031959196, 0.001479326031959196, 0.002138108358725379, 0.0006421005394644178, 0.0001791487233621739, 3.071021625068549e-05, 0.0002533545542606123, 0.0006421005394644178, 0.002138108358725379, 0.001479326031959196]
[0.0007490816395932708, 0.001059361414037479, 0.001084172285736685, 0.0003275279011682371, 0.001533251150437859, 0.001059361414037479, 0.001059361414037479, 0.001533251150437859, 0.0004631943998877159, 0.0001280615021627309, 2.194844368443025e-05, 0.0001811063131764055, 0.0004631943998877159, 0.001533251150437859, 0.001059361414037479;
  0.001059361414037479, 0.001498163279186543, 0.001533251150437861, 0.000463194399887716, 0.002168344571473374, 0.001498163279186543, 0.001498163279186543, 0.002168344571473374, 0.0006550558023364747, 0.0001811063131764054, 3.103978673150327e-05, 0.0002561230043254616, 0.0006550558023364747, 0.002168344571473374, 0.001498163279186543;
  0.001084172285736685, 0.001533251150437861, 0.002606610158310178, 0.0001670939834620669, 0.003686303437701734, 0.001533251150437861, 0.001533251150437861, 0.003686303437701734, 0.0002363065776030007, 0.0002006105882554033, 2.474544819226859e-05, 0.0002837062146664359, 0.0002363065776030007, 0.003686303437701734, 0.001533251150437861;
  0.0003275279011682371, 0.000463194399887716, 0.0001670939834620669, 0.00074795325601313, 0.0002363065776030006, 0.000463194399887716, 0.000463194399887716, 0.0002363065776030006, 0.001057765638674883, 2.238474441369902e-06, 4.191116864465507e-06, 3.165680914010876e-06, 0.001057765638674883, 0.0002363065776030006, 0.000463194399887716;
  0.001533251150437859, 0.002168344571473374, 0.003686303437701734, 0.0002363065776030006, 0.005213220316620354, 0.002168344571473374, 0.002168344571473374, 0.005213220316620354, 0.0003341879669241341, 0.0002837062146664358, 3.499534844050704e-05, 0.000401221176510806, 0.0003341879669241341, 0.005213220316620354, 0.002168344571473374;
  0.001059361414037479, 0.001498163279186543, 0.001533251150437861, 0.000463194399887716, 0.002168344571473374, 0.001498163279186543, 0.001498163279186543, 0.002168344571473374, 0.0006550558023364747, 0.0001811063131764054, 3.103978673150327e-05, 0.0002561230043254616, 0.0006550558023364747, 0.002168344571473374, 0.001498163279186543;
  0.001059361414037479, 0.001498163279186543, 0.001533251150437861, 0.000463194399887716, 0.002168344571473374, 0.001498163279186543, 0.001498163279186543, 0.002168344571473374, 0.0006550558023364747, 0.0001811063131764054, 3.103978673150327e-05, 0.0002561230043254616, 0.0006550558023364747, 0.002168344571473374, 0.001498163279186543;
  0.001533251150437859, 0.002168344571473374, 0.003686303437701734, 0.0002363065776030006, 0.005213220316620354, 0.002168344571473374, 0.002168344571473374, 0.005213220316620354, 0.0003341879669241341, 0.0002837062146664358, 3.499534844050704e-05, 0.000401221176510806, 0.0003341879669241341, 0.005213220316620354, 0.002168344571473374;
  0.0004631943998877159, 0.0006550558023364747, 0.0002363065776030007, 0.001057765638674883, 0.0003341879669241341, 0.0006550558023364747, 0.0006550558023364747, 0.0003341879669241341, 0.00149590651202626, 3.165680914010862e-06, 5.927134311217714e-06, 4.476948882739829e-06, 0.00149590651202626, 0.0003341879669241341, 0.0006550558023364747;
  0.0001280615021627309, 0.0001811063131764054, 0.0002006105882554033, 2.238474441369902e-06, 0.0002837062146664358, 0.0001811063131764054, 0.0001811063131764054, 0.0002837062146664358, 3.165680914010862e-06, 0.0002150523948563179, 2.813481792111911e-05, 0.0003041300134266188, 3.165680914010862e-06, 0.0002837062146664358, 0.0001811063131764054;
